0.000000 5.000000 25.000000 0.000000 0.000000 0.000000 0.000000 1.000000 0.000000
0.000000 5.000000 25.000000 0.000000 0.000000 0.000000 0.000000 1.000000 0.000000
0.000000 5.000000 25.000000 0.000000 0.000000 0.000000 0.000000 1.000000 0.000000
0.000000 5.000000 25.000000 0.000000 0.000000 0.000000 0.000000 1.000000 0.000000
0.000000 5.000000 25.000000 0.000000 0.000000 0.000000 0.000000 1.000000 0.000000
0.000000 5.000000 25.000000 0.000000 0.000000 0.000000 0.000000 1.000000 0.000000
0.000000 5.000000 25.000000 0.000000 0.000000 0.000000 0.000000 1.000000 0.000000
0.000000 5.000000 25.000000 0.000000 0.000000 0.000000 0.000000 1.000000 0.000000
0.000000 5.000000 25.000000 0.000000 0.000000 0.000000 0.000000 1.000000 0.000000
0.000000 5.000000 25.000000 0.000000 0.000000 0.000000 0.000000 1.000000 0.000000
0.000000 5.000000 25.000000 0.000000 0.000000 0.000000 0.000000 1.000000 0.000000
0.000000 5.000000 25.000000 0.000000 0.000000 0.000000 0.000000 1.000000 0.000000
0.000000 5.000000 25.000000 0.000000 0.000000 0.000000 0.000000 1.000000 0.000000
0.000000 5.000000 25.000000 0.000000 0.000000 0.000000 0.000000 1.000000 0.000000
0.000000 5.000000 25.000000 0.000000 0.000000 0.000000 0.000000 1.000000 0.000000
0.000000 5.000000 25.000000 0.000000 0.000000 0.000000 0.000000 1.000000 0.000000
0.000000 5.000000 25.000000 0.000000 0.000000 0.000000 0.000000 1.000000 0.000000
0.000000 5.000000 25.000000 0.000000 0.000000 0.000000 0.000000 1.000000 0.000000
0.000000 5.000000 25.000000 0.000000 0.000000 0.000000 0.000000 1.000000 0.000000
0.000000 5.000000 25.000000 0.000000 0.000000 0.000000 0.000000 1.000000 0.000000
0.000000 5.000000 25.000000 0.000000 0.000000 0.000000 0.000000 1.000000 0.000000
0.000000 5.000000 25.000000 0.000000 0.000000 0.000000 0.000000 1.000000 0.000000
0.000000 5.000000 25.000000 0.000000 0.000000 0.000000 0.000000 1.000000 0.000000
0.000000 5.000000 25.000000 0.000000 0.000000 0.000000 0.000000 1.000000 0.000000
0.000000 5.000000 25.000000 0.000000 0.000000 0.000000 0.000000 1.000000 0.000000
0.000000 5.000000 25.000000 0.000000 0.000000 0.000000 0.000000 1.000000 0.000000
0.000000 5.000000 25.000000 0.000000 0.000000 0.000000 0.000000 1.000000 0.000000
0.000000 5.000000 25.000000 0.000000 0.000000 0.000000 0.000000 1.000000 0.000000
0.000000 5.000000 25.000000 0.000000 0.000000 0.000000 0.000000 1.000000 0.000000
0.000000 5.000000 25.000000 0.000000 0.000000 0.000000 0.000000 1.000000 0.000000
0.000000 5.000000 25.000000 0.000000 0.000000 0.000000 0.000000 1.000000 0.000000
0.000000 5.000000 25.000000 0.000000 0.000000 0.000000 0.000000 1.000000 0.000000
0.000000 5.000000 25.000000 0.000000 0.000000 0.000000 0.000000 1.000000 0.000000
0.000000 5.000000 25.000000 0.000000 0.000000 0.000000 0.000000 1.000000 0.000000
0.000000 5.000000 25.000000 0.000000 0.000000 0.000000 0.000000 1.000000 0.000000
0.000000 5.000000 25.000000 0.000000 0.000000 0.000000 0.000000 1.000000 0.000000
0.000000 5.000000 25.000000 0.000000 0.000000 0.000000 0.000000 1.000000 0.000000
0.000000 5.000000 25.000000 0.000000 0.000000 0.000000 0.000000 1.000000 0.000000
0.000000 5.000000 25.000000 0.000000 0.000000 0.000000 0.000000 1.000000 0.000000
0.000000 5.000000 25.000000 0.000000 0.000000 0.000000 0.000000 1.000000 0.000000
0.000000 5.000000 25.000000 0.000000 0.000000 0.000000 0.000000 1.000000 0.000000
0.000000 5.000000 25.000000 0.000000 0.000000 0.000000 0.000000 1.000000 0.000000
0.000000 5.000000 25.000000 0.000000 0.000000 0.000000 0.000000 1.000000 0.000000
0.000000 5.000000 25.000000 0.000000 0.000000 0.000000 0.000000 1.000000 0.000000
0.000000 5.000000 25.000000 0.000000 0.000000 0.000000 0.000000 1.000000 0.000000
0.000000 5.000000 25.000000 0.000000 0.000000 0.000000 0.000000 1.000000 0.000000
0.000000 5.000000 25.000000 0.000000 0.000000 0.000000 0.000000 1.000000 0.000000
0.000000 5.000000 25.000000 0.000000 0.000000 0.000000 0.000000 1.000000 0.000000
0.000000 5.000000 25.000000 0.000000 0.000000 0.000000 0.000000 1.000000 0.000000
0.000000 5.000000 25.000000 0.000000 0.000000 0.000000 0.000000 1.000000 0.000000
0.000000 5.000000 25.000000 0.000000 0.000000 0.000000 0.000000 1.000000 0.000000
0.000000 5.000000 25.000000 0.000000 0.000000 0.000000 0.000000 1.000000 0.000000
0.000000 5.000000 25.000000 0.000000 0.000000 0.000000 0.000000 1.000000 0.000000
0.000000 5.000000 25.000000 0.000000 0.000000 0.000000 0.000000 1.000000 0.000000
0.000000 5.000000 25.000000 0.000000 0.000000 0.000000 0.000000 1.000000 0.000000
0.000000 5.000000 25.000000 0.000000 0.000000 0.000000 0.000000 1.000000 0.000000
0.000000 5.000000 25.000000 0.000000 0.000000 0.000000 0.000000 1.000000 0.000000
0.000000 5.000000 25.000000 0.000000 0.000000 0.000000 0.000000 1.000000 0.000000
0.000000 5.000000 25.000000 0.000000 0.000000 0.000000 0.000000 1.000000 0.000000
0.000000 5.000000 25.000000 0.000000 0.000000 0.000000 0.000000 1.000000 0.000000
0.000000 5.000000 25.000000 0.000000 0.000000 0.000000 0.000000 1.000000 0.000000
0.000000 5.000000 25.000000 0.000000 0.000000 0.000000 0.000000 1.000000 0.000000
0.000000 5.000000 25.000000 0.000000 0.000000 0.000000 0.000000 1.000000 0.000000
0.000000 5.000000 25.000000 0.000000 0.000000 0.000000 0.000000 1.000000 0.000000
0.000000 5.000000 25.000000 0.000000 5.027997 24.000393 0.000000 1.000000 0.000000
0.000000 5.000000 25.000000 0.006994 5.041987 24.000906 0.000000 1.000000 0.000000
0.000000 5.000000 25.000000 0.006994 5.041987 24.000906 0.000000 1.000000 0.000000
0.000000 5.000000 25.000000 0.006994 5.041987 24.000906 0.000000 1.000000 0.000000
0.000000 5.000000 25.000000 0.006994 5.041987 24.000906 0.000000 1.000000 0.000000
0.000000 5.000000 25.000000 0.006994 5.041987 24.000906 0.000000 1.000000 0.000000
0.000000 5.000000 25.000000 0.006994 5.041987 24.000906 0.000000 1.000000 0.000000
0.000000 5.000000 25.000000 0.006994 5.041987 24.000906 0.000000 1.000000 0.000000
0.000000 5.000000 25.000000 0.006994 5.041987 24.000906 0.000000 1.000000 0.000000
0.000000 5.000000 25.000000 0.006994 5.041987 24.000906 0.000000 1.000000 0.000000
0.000000 5.000000 25.000000 0.006994 5.041987 24.000906 0.000000 1.000000 0.000000
0.017484 5.104969 22.502266 0.024478 5.146956 21.503172 0.000000 1.000000 0.000000
0.034969 5.209937 20.004532 0.041963 5.251925 19.005438 0.000000 1.000000 0.000000
0.052453 5.314906 17.506798 0.059447 5.356893 16.507704 0.000000 1.000000 0.000000
0.069938 5.419874 15.009064 0.076931 5.461862 14.009970 0.000000 1.000000 0.000000
0.087422 5.524843 12.511330 0.094416 5.566830 11.512236 0.000000 1.000000 0.000000
0.104907 5.629811 10.013596 0.111900 5.671799 9.014502 0.000000 1.000000 0.000000
0.122391 5.734780 7.515862 0.129385 5.776767 6.516768 0.000000 1.000000 0.000000
0.139875 5.839748 5.018127 0.146869 5.881736 4.019033 0.000000 1.000000 0.000000
0.157360 5.944717 2.520393 0.164354 5.986704 1.521299 0.000000 1.000000 0.000000
0.174844 6.049685 0.022659 0.181838 6.091673 -0.976435 0.000000 1.000000 0.000000
0.192329 6.154654 -2.475075 0.199322 6.196641 -3.474169 0.000000 1.000000 0.000000
0.209813 6.259623 -4.972809 0.216807 6.301610 -5.971903 0.000000 1.000000 0.000000
0.227297 6.364591 -7.470543 0.234291 6.406579 -8.469637 0.000000 1.000000 0.000000
0.244782 6.469560 -9.968277 0.251776 6.511547 -10.967371 0.000000 1.000000 0.000000
0.262266 6.574528 -12.466011 0.269260 6.616516 -13.465105 0.000000 1.000000 0.000000
0.279751 6.679497 -14.963745 0.286745 6.721484 -15.962839 0.000000 1.000000 0.000000
0.297235 6.784465 -17.461479 0.304229 6.826453 -18.460573 0.000000 1.000000 0.000000
0.314720 6.889434 -19.959213 0.321713 6.931421 -20.958307 0.000000 1.000000 0.000000
0.332204 6.994402 -22.456947 0.339198 7.036390 -23.456041 0.000000 1.000000 0.000000
0.349688 7.099371 -24.954681 0.356682 7.141358 -25.953775 0.000000 1.000000 0.000000
0.367173 7.204340 -27.452415 0.374167 7.246327 -28.451509 0.000000 1.000000 0.000000
0.384657 7.309308 -29.950150 0.391651 7.351295 -30.949244 0.000000 1.000000 0.000000
0.402142 7.414277 -32.447884 0.409136 7.456264 -33.446976 0.000000 1.000000 0.000000
0.419626 7.519245 -34.945618 0.426620 7.561233 -35.944710 0.000000 1.000000 0.000000
0.437111 7.624214 -37.443352 0.444104 7.666201 -38.442444 0.000000 1.000000 0.000000
0.454595 7.729182 -39.941086 0.461589 7.771170 -40.940178 0.000000 1.000000 0.000000
0.472079 7.834151 -42.438820 0.479073 7.876138 -43.437912 0.000000 1.000000 0.000000
0.489564 7.939119 -44.936554 0.496558 7.981107 -45.935646 0.000000 1.000000 0.000000
0.507048 8.044087 -47.434288 0.514042 8.086075 -48.433380 0.000000 1.000000 0.000000
0.524533 8.149055 -49.932022 0.531527 8.191043 -50.931114 0.000000 1.000000 0.000000
0.542017 8.254024 -52.429756 0.549011 8.296011 -53.428848 0.000000 1.000000 0.000000
0.559502 8.358992 -54.927490 0.566495 8.400979 -55.926582 0.000000 1.000000 0.000000
0.576986 8.463960 -57.425224 0.583980 8.505947 -58.424316 0.000000 1.000000 0.000000
0.594470 8.568928 -59.922958 0.601464 8.610915 -60.922050 0.000000 1.000000 0.000000
0.611955 8.673896 -62.420692 0.618949 8.715883 -63.419785 0.000000 1.000000 0.000000
0.629439 8.778864 -64.918427 0.636433 8.820851 -65.917519 0.000000 1.000000 0.000000
0.646924 8.883832 -67.416161 0.653917 8.925819 -68.415253 0.000000 1.000000 0.000000
0.646924 8.883832 -67.416161 0.653917 8.925819 -68.415253 0.000000 1.000000 0.000000
0.646924 8.883832 -67.416161 0.653917 8.925819 -68.415253 0.000000 1.000000 0.000000
0.646924 8.883832 -67.416161 0.653917 8.925819 -68.415253 0.000000 1.000000 0.000000
0.646924 8.883832 -67.416161 0.688787 8.960756 -68.412315 0.000000 1.000000 0.000000
0.646924 8.883832 -67.416161 0.702626 8.981675 -68.409805 0.000000 1.000000 0.000000
0.646924 8.883832 -67.416161 0.709326 9.016440 -68.405365 0.000000 1.000000 0.000000
0.646924 8.883832 -67.416161 0.722765 9.051043 -68.399162 0.000000 1.000000 0.000000
0.646924 8.883832 -67.416161 0.729331 9.071709 -68.394890 0.000000 1.000000 0.000000
0.646924 8.883832 -67.416161 0.729331 9.071709 -68.394890 0.000000 1.000000 0.000000
0.852942 9.353524 -69.862984 0.935349 9.541401 -70.841713 0.000000 1.000000 0.000000
1.058960 9.823216 -72.309807 1.141367 10.011093 -73.288536 0.000000 1.000000 0.000000
1.264978 10.292909 -74.756630 1.347385 10.480785 -75.735359 0.000000 1.000000 0.000000
1.470996 10.762601 -77.203453 1.553403 10.950478 -78.182182 0.000000 1.000000 0.000000
1.677014 11.232293 -79.650276 1.759421 11.420170 -80.629005 0.000000 1.000000 0.000000
1.883032 11.701985 -82.097099 1.965439 11.889862 -83.075829 0.000000 1.000000 0.000000
2.089050 12.171678 -84.543922 2.171457 12.359554 -85.522652 0.000000 1.000000 0.000000
2.295068 12.641370 -86.990746 2.377475 12.829247 -87.969475 0.000000 1.000000 0.000000
2.501086 13.111062 -89.437569 2.583493 13.298939 -90.416298 0.000000 1.000000 0.000000
2.723608 13.615086 -91.876099 2.812616 13.816694 -92.851509 0.000000 1.000000 0.000000
2.946130 14.119109 -94.314629 3.035138 14.320718 -95.290039 0.000000 1.000000 0.000000
3.168652 14.623133 -96.753159 3.257660 14.824741 -97.728569 0.000000 1.000000 0.000000
3.391174 15.127156 -99.191689 3.480182 15.328765 -100.167099 0.000000 1.000000 0.000000
3.613696 15.631180 -101.630219 3.702704 15.832788 -102.605629 0.000000 1.000000 0.000000
3.836218 16.135202 -104.068748 3.925226 16.336811 -105.044159 0.000000 1.000000 0.000000
4.058740 16.639225 -106.507278 4.147748 16.840834 -107.482689 0.000000 1.000000 0.000000
4.281262 17.143248 -108.945808 4.370271 17.344856 -109.921219 0.000000 1.000000 0.000000
4.503784 17.647270 -111.384338 4.592793 17.848879 -112.359749 0.000000 1.000000 0.000000
4.726306 18.151293 -113.822868 4.815315 18.352901 -114.798279 0.000000 1.000000 0.000000
4.948829 18.655315 -116.261398 5.037838 18.856924 -117.236809 0.000000 1.000000 0.000000
5.171351 19.159338 -118.699928 5.260360 19.360947 -119.675339 0.000000 1.000000 0.000000
5.393873 19.663361 -121.138458 5.482882 19.864969 -122.113869 0.000000 1.000000 0.000000
5.616395 20.167383 -123.576988 5.705404 20.368992 -124.552399 0.000000 1.000000 0.000000
5.838918 20.671406 -126.015518 5.927927 20.873014 -126.990929 0.000000 1.000000 0.000000
5.838918 20.671406 -126.015518 5.927927 20.873014 -126.990929 0.000000 1.000000 0.000000
5.838918 20.671406 -126.015518 5.927927 20.873014 -126.990929 0.000000 1.000000 0.000000
5.838918 20.671406 -126.015518 5.927927 20.873014 -126.990929 0.000000 1.000000 0.000000
5.838918 20.671406 -126.015518 5.927927 20.873014 -126.990929 0.000000 1.000000 0.000000
5.838918 20.671406 -126.015518 5.927927 20.873014 -126.990929 0.000000 1.000000 0.000000
5.838918 20.671406 -126.015518 5.927927 20.873014 -126.990929 0.000000 1.000000 0.000000
5.838918 20.671406 -126.015518 5.927927 20.873014 -126.990929 0.000000 1.000000 0.000000
6.061440 21.175428 -128.454056 6.150449 21.377037 -129.429459 0.000000 1.000000 0.000000
6.283962 21.679451 -130.892593 6.372971 21.881060 -131.867996 0.000000 1.000000 0.000000
6.506485 22.183474 -133.331131 6.595493 22.385082 -134.306534 0.000000 1.000000 0.000000
6.729007 22.687496 -135.769669 6.818016 22.889105 -136.745071 0.000000 1.000000 0.000000
6.951529 23.191519 -138.208206 7.040538 23.393127 -139.183609 0.000000 1.000000 0.000000
7.174051 23.695541 -140.646744 7.263060 23.897150 -141.622147 0.000000 1.000000 0.000000
7.396574 24.199564 -143.085281 7.485582 24.401173 -144.060684 0.000000 1.000000 0.000000
7.396574 24.199564 -143.085281 7.485582 24.401173 -144.060684 0.000000 1.000000 0.000000
7.396574 24.199564 -143.085281 7.485582 24.401173 -144.060684 0.000000 1.000000 0.000000
7.396574 24.199564 -143.085281 7.485582 24.401173 -144.060684 0.000000 1.000000 0.000000
7.396574 24.199564 -143.085281 7.485582 24.401173 -144.060684 0.000000 1.000000 0.000000
7.619096 24.703587 -145.523819 7.708105 24.905195 -146.499222 0.000000 1.000000 0.000000
7.619096 24.703587 -145.523819 7.708105 24.905195 -146.499222 0.000000 1.000000 0.000000
7.619096 24.703587 -145.523819 7.708105 24.905195 -146.499222 0.000000 1.000000 0.000000
7.619096 24.703587 -145.523819 7.708105 24.905195 -146.499222 0.000000 1.000000 0.000000
7.619096 24.703587 -145.523819 7.708105 24.905195 -146.499222 0.000000 1.000000 0.000000
7.619096 24.703587 -145.523819 7.708105 24.905195 -146.499222 0.000000 1.000000 0.000000
7.619096 24.703587 -145.523819 7.708105 24.905195 -146.499222 0.000000 1.000000 0.000000
7.841618 25.207609 -147.962357 7.930627 25.409218 -148.937759 0.000000 1.000000 0.000000
7.841618 25.207609 -147.962357 7.930627 25.409218 -148.937759 0.000000 1.000000 0.000000
7.841618 25.207609 -147.962357 7.930627 25.409218 -148.937759 0.000000 1.000000 0.000000
7.841618 25.207609 -147.962357 7.930627 25.409218 -148.937759 0.000000 1.000000 0.000000
7.841618 25.207609 -147.962357 7.930627 25.409218 -148.937759 0.000000 1.000000 0.000000
7.841618 25.207609 -147.962357 7.930627 25.409218 -148.937759 0.000000 1.000000 0.000000
7.841618 25.207609 -147.962357 7.930627 25.409218 -148.937759 0.000000 1.000000 0.000000
7.841618 25.207609 -147.962357 7.930627 25.409218 -148.937759 0.000000 1.000000 0.000000
7.841618 25.207609 -147.962357 7.930627 25.409218 -148.937759 0.000000 1.000000 0.000000
7.841618 25.207609 -147.962357 7.951538 25.388607 -148.939682 0.000000 1.000000 0.000000
7.841618 25.207609 -147.962357 7.959057 25.354080 -148.944580 0.000000 1.000000 0.000000
7.841618 25.207609 -147.962357 7.966593 25.312416 -148.948959 0.000000 1.000000 0.000000
7.841618 25.207609 -147.962357 7.973834 25.284533 -148.950592 0.000000 1.000000 0.000000
7.841618 25.207609 -147.962357 7.973834 25.284533 -148.950592 0.000000 1.000000 0.000000
7.841618 25.207609 -147.962357 7.973834 25.284533 -148.950592 0.000000 1.000000 0.000000
7.841618 25.207609 -147.962357 7.973834 25.284533 -148.950592 0.000000 1.000000 0.000000
7.841618 25.207609 -147.962357 7.973834 25.284533 -148.950592 0.000000 1.000000 0.000000
7.841618 25.207609 -147.962357 7.973963 25.270567 -148.951553 0.000000 1.000000 0.000000
7.841618 25.207609 -147.962357 7.974019 25.263580 -148.951965 0.000000 1.000000 0.000000
7.841618 25.207609 -147.962357 7.974145 25.242601 -148.952911 0.000000 1.000000 0.000000
7.841618 25.207609 -147.962357 7.974223 25.214609 -148.953506 0.000000 1.000000 0.000000
7.841618 25.207609 -147.962357 7.974197 25.186611 -148.953308 0.000000 1.000000 0.000000
7.841618 25.207609 -147.962357 7.974067 25.158628 -148.952332 0.000000 1.000000 0.000000
7.841618 25.207609 -147.962357 7.966977 25.137667 -148.951996 0.000000 1.000000 0.000000
7.841618 25.207609 -147.962357 7.966682 25.109766 -148.949677 0.000000 1.000000 0.000000
7.841618 25.207609 -147.962357 7.965660 25.047304 -148.941605 0.000000 1.000000 0.000000
7.841618 25.207609 -147.962357 7.964524 24.999149 -148.932632 0.000000 1.000000 0.000000
7.841618 25.207609 -147.962357 7.963947 24.978659 -148.928070 0.000000 1.000000 0.000000
7.841618 25.207609 -147.962357 7.963532 24.965054 -148.924805 0.000000 1.000000 0.000000
7.841618 25.207609 -147.962357 7.962631 24.937988 -148.917694 0.000000 1.000000 0.000000
7.841618 25.207609 -147.962357 7.955244 24.917826 -148.912674 0.000000 1.000000 0.000000
7.841618 25.207609 -147.962357 7.940565 24.877895 -148.901245 0.000000 1.000000 0.000000
7.841618 25.207609 -147.962357 7.933292 24.858145 -148.894806 0.000000 1.000000 0.000000
7.841618 25.207609 -147.962357 7.919811 24.845062 -148.891037 0.000000 1.000000 0.000000
7.841618 25.207609 -147.962357 7.873766 24.812672 -148.880508 0.000000 1.000000 0.000000
7.841618 25.207609 -147.962357 7.873766 24.812672 -148.880508 0.000000 1.000000 0.000000
7.841618 25.207609 -147.962357 7.867260 24.806250 -148.877914 0.000000 1.000000 0.000000
7.841618 25.207609 -147.962357 7.835207 24.806250 -148.878250 0.000000 1.000000 0.000000
7.841618 25.207609 -147.962357 7.828757 24.812672 -148.880981 0.000000 1.000000 0.000000
7.841618 25.207609 -147.962357 7.822327 24.812672 -148.880859 0.000000 1.000000 0.000000
7.841618 25.207609 -147.962357 7.809374 24.819113 -148.883240 0.000000 1.000000 0.000000
7.841618 25.207609 -147.962357 7.809279 24.825571 -148.885941 0.000000 1.000000 0.000000
7.841618 25.207609 -147.962357 7.796095 24.838547 -148.890640 0.000000 1.000000 0.000000
7.841618 25.207609 -147.962357 7.796095 24.838547 -148.890640 0.000000 1.000000 0.000000
7.841618 25.207609 -147.962357 7.802595 24.838547 -148.890945 0.000000 1.000000 0.000000
7.841618 25.207609 -147.962357 7.828643 24.832050 -148.889069 0.000000 1.000000 0.000000
7.841618 25.207609 -147.962357 7.841618 24.825571 -148.886505 0.000000 1.000000 0.000000
7.841618 25.207609 -147.962357 7.854556 24.825571 -148.886414 0.000000 1.000000 0.000000
7.841618 25.207609 -147.962357 7.880421 24.825571 -148.885681 0.000000 1.000000 0.000000
7.841618 25.207609 -147.962357 7.906067 24.819113 -148.881546 0.000000 1.000000 0.000000
7.841618 25.207609 -147.962357 7.931776 24.819113 -148.879379 0.000000 1.000000 0.000000
7.841618 25.207609 -147.962357 7.958086 24.832050 -148.881805 0.000000 1.000000 0.000000
7.841618 25.207609 -147.962357 8.011642 24.864712 -148.886215 0.000000 1.000000 0.000000
7.841618 25.207609 -147.962357 8.098552 24.904455 -148.880005 0.000000 1.000000 0.000000
7.841618 25.207609 -147.962357 8.276221 24.985477 -148.835159 0.000000 1.000000 0.000000
7.841618 25.207609 -147.962357 8.344854 25.081942 -148.817322 0.000000 1.000000 0.000000
7.841618 25.207609 -147.962357 8.378670 25.221609 -148.805786 0.000000 1.000000 0.000000
7.841618 25.207609 -147.962357 8.367693 25.409218 -148.788559 0.000000 1.000000 0.000000
7.841618 25.207609 -147.962357 8.327367 25.530706 -148.774551 0.000000 1.000000 0.000000
7.841618 25.207609 -147.962357 8.311744 25.583168 -148.761063 0.000000 1.000000 0.000000
7.841618 25.207609 -147.962357 8.293369 25.640774 -148.742279 0.000000 1.000000 0.000000
7.841618 25.207609 -147.962357 8.280509 25.690540 -148.720078 0.000000 1.000000 0.000000
7.841618 25.207609 -147.962357 8.275330 25.708822 -148.711136 0.000000 1.000000 0.000000
7.841618 25.207609 -147.962357 8.290957 25.708822 -148.701874 0.000000 1.000000 0.000000
7.841618 25.207609 -147.962357 8.330525 25.696659 -148.684708 0.000000 1.000000 0.000000
7.841618 25.207609 -147.962357 8.358346 25.672047 -148.681580 0.000000 1.000000 0.000000
7.841618 25.207609 -147.962357 8.379073 25.653349 -148.678223 0.000000 1.000000 0.000000
7.841618 25.207609 -147.962357 8.389042 25.653349 -148.670624 0.000000 1.000000 0.000000
7.841618 25.207609 -147.962357 8.416339 25.628113 -148.664398 0.000000 1.000000 0.000000
7.841618 25.207609 -147.962357 8.436560 25.608969 -148.658737 0.000000 1.000000 0.000000
7.841618 25.207609 -147.962357 8.452906 25.602547 -148.648178 0.000000 1.000000 0.000000
7.841618 25.207609 -147.962357 8.462447 25.602547 -148.639557 0.000000 1.000000 0.000000
7.841618 25.207609 -147.962357 8.510282 25.596106 -148.596359 0.000000 1.000000 0.000000
7.841618 25.207609 -147.962357 8.540533 25.596106 -148.562851 0.000000 1.000000 0.000000
7.841618 25.207609 -147.962357 8.561223 25.583168 -148.546417 0.000000 1.000000 0.000000
7.841618 25.207609 -147.962357 8.581394 25.570156 -148.529175 0.000000 1.000000 0.000000
7.841618 25.207609 -147.962357 8.611960 25.570156 -148.486893 0.000000 1.000000 0.000000
7.841618 25.207609 -147.962357 8.640980 25.557074 -148.451126 0.000000 1.000000 0.000000
7.841618 25.207609 -147.962357 8.672903 25.517426 -148.423859 0.000000 1.000000 0.000000
7.841618 25.207609 -147.962357 8.686164 25.504086 -148.408279 0.000000 1.000000 0.000000
7.841618 25.207609 -147.962357 8.706664 25.483965 -148.381073 0.000000 1.000000 0.000000
7.841618 25.207609 -147.962357 8.733906 25.463724 -148.334152 0.000000 1.000000 0.000000
7.841618 25.207609 -147.962357 8.754985 25.456951 -148.284210 0.000000 1.000000 0.000000
7.841618 25.207609 -147.962357 8.776390 25.436560 -148.233994 0.000000 1.000000 0.000000
7.841618 25.207609 -147.962357 8.780101 25.436560 -148.220871 0.000000 1.000000 0.000000
7.841618 25.207609 -147.962357 8.793545 25.456951 -148.140305 0.000000 1.000000 0.000000
7.841618 25.207609 -147.962357 8.789583 25.504086 -148.078384 0.000000 1.000000 0.000000
7.841618 25.207609 -147.962357 8.786053 25.524075 -148.051208 0.000000 1.000000 0.000000
7.841618 25.207609 -147.962357 8.775944 25.563623 -147.945343 0.000000 1.000000 0.000000
7.841618 25.207609 -147.962357 8.772264 25.570156 -147.912796 0.000000 1.000000 0.000000
7.841618 25.207609 -147.962357 8.767298 25.570156 -147.854309 0.000000 1.000000 0.000000
7.841618 25.207609 -147.962357 8.758658 25.570156 -147.796234 0.000000 1.000000 0.000000
7.841618 25.207609 -147.962357 8.739768 25.570156 -147.713593 0.000000 1.000000 0.000000
7.841618 25.207609 -147.962357 8.740982 25.557074 -147.699646 0.000000 1.000000 0.000000
7.841618 25.207609 -147.962357 8.745953 25.537323 -147.691299 0.000000 1.000000 0.000000
7.841618 25.207609 -147.962357 8.748474 25.517426 -147.676651 0.000000 1.000000 0.000000
7.841618 25.207609 -147.962357 8.752443 25.497393 -147.668381 0.000000 1.000000 0.000000
7.841618 25.207609 -147.962357 8.749393 25.477230 -147.641037 0.000000 1.000000 0.000000
7.841618 25.207609 -147.962357 8.748875 25.470484 -147.634048 0.000000 1.000000 0.000000
7.841618 25.207609 -147.962357 8.748259 25.463724 -147.627075 0.000000 1.000000 0.000000
7.841618 25.207609 -147.962357 8.747544 25.456951 -147.620117 0.000000 1.000000 0.000000
7.841618 25.207609 -147.962357 8.745824 25.443369 -147.606232 0.000000 1.000000 0.000000
7.841618 25.207609 -147.962357 8.745824 25.443369 -147.606232 0.000000 1.000000 0.000000
7.841618 25.207609 -147.962357 8.745824 25.443369 -147.606232 0.000000 1.000000 0.000000
7.841618 25.207609 -147.962357 8.745824 25.443369 -147.606232 0.000000 1.000000 0.000000
7.841618 25.207609 -147.962357 8.745824 25.443369 -147.606232 0.000000 1.000000 0.000000
7.841618 25.207609 -147.962357 8.745824 25.443369 -147.606232 0.000000 1.000000 0.000000
7.841618 25.207609 -147.962357 8.745824 25.443369 -147.606232 0.000000 1.000000 0.000000
7.841618 25.207609 -147.962357 8.745824 25.443369 -147.606232 0.000000 1.000000 0.000000
7.841618 25.207609 -147.962357 8.745824 25.443369 -147.606232 0.000000 1.000000 0.000000
6.909193 25.207609 -145.642746 7.810883 25.443369 -145.280289 0.000000 1.000000 0.000000
6.009358 25.207609 -143.310303 6.917552 25.436560 -142.959930 0.000000 1.000000 0.000000
5.109498 25.207609 -140.977875 6.019164 25.429741 -140.626923 0.000000 1.000000 0.000000
4.209637 25.207609 -138.645447 5.119304 25.429741 -138.294495 0.000000 1.000000 0.000000
3.309777 25.207609 -136.313019 4.219443 25.429741 -135.962067 0.000000 1.000000 0.000000
2.409916 25.207609 -133.980591 3.319583 25.429741 -133.629639 0.000000 1.000000 0.000000
1.510056 25.207609 -131.648163 2.419723 25.429741 -131.297211 0.000000 1.000000 0.000000
0.610195 25.207609 -129.315735 1.519862 25.429741 -128.964783 0.000000 1.000000 0.000000
-0.289665 25.207609 -126.983299 0.620002 25.429741 -126.632347 0.000000 1.000000 0.000000
-1.140341 25.207609 -124.632477 -0.218017 25.402357 -124.298721 0.000000 1.000000 0.000000
-1.908226 25.207609 -122.253326 -0.962529 25.319376 -121.948097 0.000000 1.000000 0.000000
-1.908226 25.207609 -122.253326 -0.959016 25.305452 -121.954285 0.000000 1.000000 0.000000
-1.908226 25.207609 -122.253326 -0.954701 25.277552 -121.960243 0.000000 1.000000 0.000000
-1.908226 25.207609 -122.253326 -0.944722 25.228607 -121.986458 0.000000 1.000000 0.000000
-1.908226 25.207609 -122.253326 -0.940867 25.207609 -121.999916 0.000000 1.000000 0.000000
-1.908226 25.207609 -122.253326 -0.939330 25.186611 -122.006752 0.000000 1.000000 0.000000
-1.908226 25.207609 -122.253326 -0.939330 25.186611 -122.006752 0.000000 1.000000 0.000000
-1.908226 25.207609 -122.253326 -0.939330 25.186611 -122.006752 0.000000 1.000000 0.000000
-1.908226 25.207609 -122.253326 -0.939330 25.186611 -122.006752 0.000000 1.000000 0.000000
-1.908226 25.207609 -122.253326 -0.939330 25.186611 -122.006752 0.000000 1.000000 0.000000
-1.908226 25.207609 -122.253326 -0.939330 25.186611 -122.006752 0.000000 1.000000 0.000000
-1.908226 25.207609 -122.253326 -0.939330 25.186611 -122.006752 0.000000 1.000000 0.000000
-1.908226 25.207609 -122.253326 -0.939330 25.186611 -122.006752 0.000000 1.000000 0.000000
-1.908226 25.207609 -122.253326 -0.939330 25.186611 -122.006752 0.000000 1.000000 0.000000
-1.908226 25.207609 -122.253326 -0.939330 25.186611 -122.006752 0.000000 1.000000 0.000000
-1.908226 25.207609 -122.253326 -0.939330 25.186611 -122.006752 0.000000 1.000000 0.000000
-1.908226 25.207609 -122.253326 -0.939330 25.186611 -122.006752 0.000000 1.000000 0.000000
-1.908226 25.207609 -122.253326 -0.939330 25.186611 -122.006752 0.000000 1.000000 0.000000
-1.908226 25.207609 -122.253326 -0.939330 25.186611 -122.006752 0.000000 1.000000 0.000000
-1.908226 25.207609 -122.253326 -0.939330 25.186611 -122.006752 0.000000 1.000000 0.000000
-1.908226 25.207609 -122.253326 -0.939330 25.186611 -122.006752 0.000000 1.000000 0.000000
-1.908226 25.207609 -122.253326 -0.939330 25.186611 -122.006752 0.000000 1.000000 0.000000
-1.908226 25.207609 -122.253326 -0.939330 25.186611 -122.006752 0.000000 1.000000 0.000000
-1.908226 25.207609 -122.253326 -0.939330 25.186611 -122.006752 0.000000 1.000000 0.000000
-1.908226 25.207609 -122.253326 -0.939330 25.186611 -122.006752 0.000000 1.000000 0.000000
-2.524798 25.207609 -119.830551 -1.555903 25.186611 -119.583977 0.000000 1.000000 0.000000
-3.141371 25.207609 -117.407776 -2.172475 25.186611 -117.161201 0.000000 1.000000 0.000000
-3.757943 25.207609 -114.985001 -2.789047 25.186611 -114.738426 0.000000 1.000000 0.000000
-4.374516 25.207609 -112.562225 -3.405620 25.186611 -112.315651 0.000000 1.000000 0.000000
-4.991088 25.207609 -110.139450 -4.022192 25.186611 -109.892876 0.000000 1.000000 0.000000
-4.991088 25.207609 -110.139450 -4.022192 25.186611 -109.892876 0.000000 1.000000 0.000000
-4.991088 25.207609 -110.139450 -4.022192 25.186611 -109.892876 0.000000 1.000000 0.000000
-4.991088 25.207609 -110.139450 -4.022192 25.186611 -109.892876 0.000000 1.000000 0.000000
-4.991088 25.207609 -110.139450 -4.022192 25.186611 -109.892876 0.000000 1.000000 0.000000
-4.991088 25.207609 -110.139450 -4.025739 25.186611 -109.879333 0.000000 1.000000 0.000000
-4.991088 25.207609 -110.139450 -4.027466 25.193609 -109.872551 0.000000 1.000000 0.000000
-4.991088 25.207609 -110.139450 -4.041602 25.207609 -109.825638 0.000000 1.000000 0.000000
-4.991088 25.207609 -110.139450 -4.050760 25.207609 -109.799179 0.000000 1.000000 0.000000
-4.991088 25.207609 -110.139450 -4.063334 25.221609 -109.766518 0.000000 1.000000 0.000000
-4.991088 25.207609 -110.139450 -4.063334 25.221609 -109.766518 0.000000 1.000000 0.000000
-4.991088 25.207609 -110.139450 -4.065967 25.221609 -109.760033 0.000000 1.000000 0.000000
-4.991088 25.207609 -110.139450 -4.065967 25.221609 -109.760033 0.000000 1.000000 0.000000
-4.991088 25.207609 -110.139450 -4.065967 25.221609 -109.760033 0.000000 1.000000 0.000000
-4.991088 25.207609 -110.139450 -4.065967 25.221609 -109.760033 0.000000 1.000000 0.000000
-4.991088 25.207609 -110.139450 -4.065967 25.221609 -109.760033 0.000000 1.000000 0.000000
-4.991088 25.207609 -110.139450 -4.065967 25.221609 -109.760033 0.000000 1.000000 0.000000
-4.991088 25.207609 -110.139450 -4.068645 25.221609 -109.753571 0.000000 1.000000 0.000000
-4.991088 25.207609 -110.139450 -4.074138 25.221609 -109.740692 0.000000 1.000000 0.000000
-4.991088 25.207609 -110.139450 -4.085661 25.221609 -109.715179 0.000000 1.000000 0.000000
-4.991088 25.207609 -110.139450 -4.101062 25.221609 -109.683754 0.000000 1.000000 0.000000
-4.991088 25.207609 -110.139450 -4.120981 25.221609 -109.646790 0.000000 1.000000 0.000000
-4.991088 25.207609 -110.139450 -4.127963 25.221609 -109.634651 0.000000 1.000000 0.000000
-4.991088 25.207609 -110.139450 -4.135115 25.221609 -109.622620 0.000000 1.000000 0.000000
-4.991088 25.207609 -110.139450 -4.142434 25.221609 -109.610687 0.000000 1.000000 0.000000
-4.991088 25.207609 -110.139450 -4.165485 25.228607 -109.575592 0.000000 1.000000 0.000000
-4.991088 25.207609 -110.139450 -4.181595 25.228607 -109.552696 0.000000 1.000000 0.000000
-4.991088 25.207609 -110.139450 -4.189888 25.228607 -109.541420 0.000000 1.000000 0.000000
-4.991088 25.207609 -110.139450 -4.194094 25.228607 -109.535828 0.000000 1.000000 0.000000
-4.991088 25.207609 -110.139450 -4.194094 25.228607 -109.535828 0.000000 1.000000 0.000000
-4.991088 25.207609 -110.139450 -4.206945 25.228607 -109.519226 0.000000 1.000000 0.000000
-4.991088 25.207609 -110.139450 -4.220141 25.228607 -109.502899 0.000000 1.000000 0.000000
-4.991088 25.207609 -110.139450 -4.220141 25.228607 -109.502899 0.000000 1.000000 0.000000
-4.991088 25.207609 -110.139450 -4.220141 25.228607 -109.502899 0.000000 1.000000 0.000000
-4.991088 25.207609 -110.139450 -4.220141 25.228607 -109.502899 0.000000 1.000000 0.000000
-4.991088 25.207609 -110.139450 -4.224616 25.228607 -109.497513 0.000000 1.000000 0.000000
-4.991088 25.207609 -110.139450 -4.256978 25.228607 -109.460747 0.000000 1.000000 0.000000
-4.991088 25.207609 -110.139450 -4.261747 25.228607 -109.455620 0.000000 1.000000 0.000000
-4.991088 25.207609 -110.139450 -4.286123 25.228607 -109.430519 0.000000 1.000000 0.000000
-4.991088 25.207609 -110.139450 -4.301165 25.228607 -109.415871 0.000000 1.000000 0.000000
-4.991088 25.207609 -110.139450 -4.316511 25.228607 -109.401543 0.000000 1.000000 0.000000
-4.991088 25.207609 -110.139450 -4.342746 25.228607 -109.378387 0.000000 1.000000 0.000000
-4.991088 25.207609 -110.139450 -4.353464 25.228607 -109.369392 0.000000 1.000000 0.000000
-4.991088 25.207609 -110.139450 -4.358870 25.228607 -109.364944 0.000000 1.000000 0.000000
-4.991088 25.207609 -110.139450 -4.358870 25.228607 -109.364944 0.000000 1.000000 0.000000
-4.991088 25.207609 -110.139450 -4.358870 25.228607 -109.364944 0.000000 1.000000 0.000000
-4.991088 25.207609 -110.139450 -4.358870 25.228607 -109.364944 0.000000 1.000000 0.000000
-4.991088 25.207609 -110.139450 -4.358870 25.228607 -109.364944 0.000000 1.000000 0.000000
-4.991088 25.207609 -110.139450 -4.358870 25.228607 -109.364944 0.000000 1.000000 0.000000
-4.991088 25.207609 -110.139450 -4.364306 25.228607 -109.360535 0.000000 1.000000 0.000000
-4.991088 25.207609 -110.139450 -4.364306 25.228607 -109.360535 0.000000 1.000000 0.000000
-4.991088 25.207609 -110.139450 -4.364306 25.228607 -109.360535 0.000000 1.000000 0.000000
-4.991088 25.207609 -110.139450 -4.364306 25.228607 -109.360535 0.000000 1.000000 0.000000
-4.991088 25.207609 -110.139450 -4.364306 25.228607 -109.360535 0.000000 1.000000 0.000000
-4.991088 25.207609 -110.139450 -4.364306 25.228607 -109.360535 0.000000 1.000000 0.000000
-4.991088 25.207609 -110.139450 -4.364306 25.228607 -109.360535 0.000000 1.000000 0.000000
-4.991088 25.207609 -110.139450 -4.364306 25.228607 -109.360535 0.000000 1.000000 0.000000
-4.991088 25.207609 -110.139450 -4.364306 25.228607 -109.360535 0.000000 1.000000 0.000000
-4.991088 25.207609 -110.139450 -4.364306 25.228607 -109.360535 0.000000 1.000000 0.000000
-4.991088 25.207609 -110.139450 -4.364306 25.228607 -109.360535 0.000000 1.000000 0.000000
-4.991088 25.207609 -110.139450 -4.364306 25.228607 -109.360535 0.000000 1.000000 0.000000
-4.991088 25.207609 -110.139450 -4.364306 25.228607 -109.360535 0.000000 1.000000 0.000000
-4.991088 25.207609 -110.139450 -4.364306 25.228607 -109.360535 0.000000 1.000000 0.000000
-4.991088 25.207609 -110.139450 -4.364306 25.228607 -109.360535 0.000000 1.000000 0.000000
-3.424138 25.260103 -108.192169 -2.797357 25.281101 -107.413254 0.000000 1.000000 0.000000
-1.857188 25.312597 -106.244888 -1.230407 25.333595 -105.465973 0.000000 1.000000 0.000000
-0.290238 25.365091 -104.297607 0.336543 25.386089 -103.518692 0.000000 1.000000 0.000000
1.276711 25.417585 -102.350327 1.903493 25.438583 -101.571411 0.000000 1.000000 0.000000
2.843661 25.470079 -100.403046 3.470443 25.491077 -99.624130 0.000000 1.000000 0.000000
4.410611 25.522573 -98.455765 5.037393 25.543571 -97.676849 0.000000 1.000000 0.000000
5.977561 25.575068 -96.508484 6.604342 25.596066 -95.729568 0.000000 1.000000 0.000000
5.977561 25.575068 -96.508484 6.604342 25.596066 -95.729568 0.000000 1.000000 0.000000
5.977561 25.575068 -96.508484 6.604342 25.596066 -95.729568 0.000000 1.000000 0.000000
5.977561 25.575068 -96.508484 6.604342 25.596066 -95.729568 0.000000 1.000000 0.000000
5.977561 25.575068 -96.508484 6.559379 25.617056 -95.696251 0.000000 1.000000 0.000000
5.977561 25.575068 -96.508484 6.512835 25.624048 -95.665230 0.000000 1.000000 0.000000
5.977561 25.575068 -96.508484 6.458683 25.624048 -95.633202 0.000000 1.000000 0.000000
5.977561 25.575068 -96.508484 6.377151 25.624048 -95.593102 0.000000 1.000000 0.000000
5.977561 25.575068 -96.508484 6.377151 25.624048 -95.593102 0.000000 1.000000 0.000000
5.977561 25.575068 -96.508484 6.370733 25.624048 -95.590324 0.000000 1.000000 0.000000
5.977561 25.575068 -96.508484 6.370733 25.624048 -95.590324 0.000000 1.000000 0.000000
5.977561 25.575068 -96.508484 6.370733 25.624048 -95.590324 0.000000 1.000000 0.000000
5.977561 25.575068 -96.508484 6.383678 25.617056 -95.595627 0.000000 1.000000 0.000000
5.977561 25.575068 -96.508484 6.390058 25.617056 -95.598495 0.000000 1.000000 0.000000
5.977561 25.575068 -96.508484 6.390058 25.617056 -95.598495 0.000000 1.000000 0.000000
5.977561 25.575068 -96.508484 6.390058 25.617056 -95.598495 0.000000 1.000000 0.000000
5.977561 25.575068 -96.508484 6.390058 25.617056 -95.598495 0.000000 1.000000 0.000000
5.977561 25.575068 -96.508484 6.390058 25.617056 -95.598495 0.000000 1.000000 0.000000
5.977561 25.575068 -96.508484 6.390058 25.617056 -95.598495 0.000000 1.000000 0.000000
5.977561 25.575068 -96.508484 6.390058 25.617056 -95.598495 0.000000 1.000000 0.000000
7.008806 25.680038 -94.233505 7.421303 25.722027 -93.323517 0.000000 1.000000 0.000000
8.040051 25.785009 -91.958527 8.452548 25.826998 -91.048538 0.000000 1.000000 0.000000
9.071296 25.889980 -89.683548 9.483793 25.931969 -88.773560 0.000000 1.000000 0.000000
10.102541 25.994951 -87.408569 10.515038 26.036940 -86.498581 0.000000 1.000000 0.000000
11.133786 26.099922 -85.133591 11.546284 26.141911 -84.223602 0.000000 1.000000 0.000000
12.165031 26.204893 -82.858612 12.577529 26.246881 -81.948624 0.000000 1.000000 0.000000
13.196277 26.309864 -80.583633 13.608774 26.351852 -79.673645 0.000000 1.000000 0.000000
14.227522 26.414835 -78.308655 14.640019 26.456823 -77.398666 0.000000 1.000000 0.000000
15.258767 26.519806 -76.033676 15.671265 26.561794 -75.123688 0.000000 1.000000 0.000000
16.290012 26.624777 -73.758698 16.702509 26.666765 -72.848709 0.000000 1.000000 0.000000
17.321257 26.729748 -71.483719 17.733753 26.771736 -70.573730 0.000000 1.000000 0.000000
18.337046 26.799738 -69.200462 18.743362 26.827734 -68.287155 0.000000 1.000000 0.000000
19.336605 26.712257 -66.910652 19.736429 26.677265 -65.994728 0.000000 1.000000 0.000000
20.335896 26.607286 -64.621460 20.735613 26.565298 -63.705780 0.000000 1.000000 0.000000
21.334867 26.484835 -62.332996 21.734457 26.435854 -61.417610 0.000000 1.000000 0.000000
21.334867 26.484835 -62.332996 21.734457 26.435854 -61.417610 0.000000 1.000000 0.000000
21.334867 26.484835 -62.332996 21.734457 26.435854 -61.417610 0.000000 1.000000 0.000000
21.334867 26.484835 -62.332996 21.734457 26.435854 -61.417610 0.000000 1.000000 0.000000
21.334867 26.484835 -62.332996 21.734457 26.435854 -61.417610 0.000000 1.000000 0.000000
21.334867 26.484835 -62.332996 21.747232 26.435854 -61.423294 0.000000 1.000000 0.000000
21.334867 26.484835 -62.332996 21.798048 26.491835 -61.446758 0.000000 1.000000 0.000000
21.334867 26.484835 -62.332996 21.809477 26.547792 -61.455055 0.000000 1.000000 0.000000
21.334867 26.484835 -62.332996 21.809477 26.547792 -61.455055 0.000000 1.000000 0.000000
21.334867 26.484835 -62.332996 21.809256 26.554777 -61.455463 0.000000 1.000000 0.000000
22.533337 26.729443 -60.152664 23.012724 26.827286 -59.280533 0.000000 1.000000 0.000000
23.745251 27.008860 -57.983982 24.230017 27.120626 -57.116508 0.000000 1.000000 0.000000
24.957165 27.288277 -55.815300 25.441931 27.400043 -54.947826 0.000000 1.000000 0.000000
26.169079 27.567694 -53.646618 26.653845 27.679461 -52.779144 0.000000 1.000000 0.000000
27.369759 27.760002 -51.462269 27.850031 27.836926 -50.588528 0.000000 1.000000 0.000000
28.542759 27.829992 -49.255650 29.011959 27.857988 -48.373001 0.000000 1.000000 0.000000
29.700623 27.864992 -47.040222 30.163769 27.878992 -46.154045 0.000000 1.000000 0.000000
30.795149 27.760021 -44.795006 31.232960 27.718033 -43.896919 0.000000 1.000000 0.000000
30.795149 27.760021 -44.795006 31.212641 27.669147 -43.890881 0.000000 1.000000 0.000000
30.795149 27.760021 -44.795006 31.177767 27.606628 -43.883923 0.000000 1.000000 0.000000
30.795149 27.760021 -44.795006 31.162239 27.565273 -43.885433 0.000000 1.000000 0.000000
30.795149 27.760021 -44.795006 31.163687 27.585913 -43.881844 0.000000 1.000000 0.000000
30.795149 27.760021 -44.795006 31.172867 27.634354 -43.877651 0.000000 1.000000 0.000000
30.795149 27.760021 -44.795006 31.173500 27.648254 -43.876118 0.000000 1.000000 0.000000
30.795149 27.760021 -44.795006 31.187164 27.669147 -43.879547 0.000000 1.000000 0.000000
30.795149 27.760021 -44.795006 31.233347 27.760021 -43.896126 0.000000 1.000000 0.000000
30.795149 27.760021 -44.795006 31.257933 27.802010 -43.909531 0.000000 1.000000 0.000000
30.795149 27.760021 -44.795006 31.257784 27.809002 -43.909813 0.000000 1.000000 0.000000
30.795149 27.760021 -44.795006 31.257784 27.809002 -43.909813 0.000000 1.000000 0.000000
30.795149 27.760021 -44.795006 31.257784 27.809002 -43.909813 0.000000 1.000000 0.000000
30.795149 27.760021 -44.795006 31.257784 27.809002 -43.909813 0.000000 1.000000 0.000000
30.795149 27.760021 -44.795006 31.257784 27.809002 -43.909813 0.000000 1.000000 0.000000
30.795149 27.760021 -44.795006 31.258238 27.781019 -43.908943 0.000000 1.000000 0.000000
30.795149 27.760021 -44.795006 31.252115 27.767021 -43.905548 0.000000 1.000000 0.000000
30.795149 27.760021 -44.795006 31.252125 27.760021 -43.905529 0.000000 1.000000 0.000000
30.795149 27.760021 -44.795006 31.252125 27.760021 -43.905529 0.000000 1.000000 0.000000
30.795149 27.760021 -44.795006 31.252125 27.760021 -43.905529 0.000000 1.000000 0.000000
31.937592 27.760021 -42.571308 32.394566 27.760021 -41.681831 0.000000 1.000000 0.000000
33.080032 27.760021 -40.347610 33.537006 27.760021 -39.458134 0.000000 1.000000 0.000000
34.222473 27.760021 -38.123913 34.679447 27.760021 -37.234436 0.000000 1.000000 0.000000
35.364914 27.760021 -35.900215 35.821888 27.760021 -35.010738 0.000000 1.000000 0.000000
36.507355 27.760021 -33.676517 36.964329 27.760021 -32.787041 0.000000 1.000000 0.000000
37.649796 27.760021 -31.452822 38.106770 27.760021 -30.563345 0.000000 1.000000 0.000000
38.792236 27.760021 -29.229126 39.249210 27.760021 -28.339649 0.000000 1.000000 0.000000
38.792236 27.760021 -29.229126 39.249210 27.760021 -28.339649 0.000000 1.000000 0.000000
38.792236 27.760021 -29.229126 39.249210 27.760021 -28.339649 0.000000 1.000000 0.000000
38.792236 27.760021 -29.229126 39.249210 27.760021 -28.339649 0.000000 1.000000 0.000000
38.792236 27.760021 -29.229126 39.249210 27.760021 -28.339649 0.000000 1.000000 0.000000
38.792236 27.760021 -29.229126 39.249210 27.760021 -28.339649 0.000000 1.000000 0.000000
38.792236 27.760021 -29.229126 39.249203 27.753021 -28.339668 0.000000 1.000000 0.000000
38.792236 27.760021 -29.229126 39.249203 27.753021 -28.339668 0.000000 1.000000 0.000000
38.792236 27.760021 -29.229126 39.249203 27.753021 -28.339668 0.000000 1.000000 0.000000
38.792236 27.760021 -29.229126 39.249203 27.753021 -28.339668 0.000000 1.000000 0.000000
38.792236 27.760021 -29.229126 39.249203 27.753021 -28.339668 0.000000 1.000000 0.000000
38.792236 27.760021 -29.229126 39.249203 27.753021 -28.339668 0.000000 1.000000 0.000000
38.792236 27.760021 -29.229126 39.249203 27.753021 -28.339668 0.000000 1.000000 0.000000
41.015934 27.760021 -30.371569 41.472900 27.753021 -29.482111 0.000000 1.000000 0.000000
43.239632 27.760021 -31.514011 43.696598 27.753021 -30.624554 0.000000 1.000000 0.000000
45.463329 27.760021 -32.656456 45.920296 27.753021 -31.766996 0.000000 1.000000 0.000000
47.687027 27.760021 -33.798897 48.143993 27.753021 -32.909439 0.000000 1.000000 0.000000
49.910725 27.760021 -34.941338 50.367691 27.753021 -34.051880 0.000000 1.000000 0.000000
52.134422 27.760021 -36.083778 52.591389 27.753021 -35.194321 0.000000 1.000000 0.000000
54.358120 27.760021 -37.226219 54.815086 27.753021 -36.336761 0.000000 1.000000 0.000000
56.581818 27.760021 -38.368660 57.038784 27.753021 -37.479202 0.000000 1.000000 0.000000
56.581818 27.760021 -38.368660 57.038784 27.753021 -37.479202 0.000000 1.000000 0.000000
56.581818 27.760021 -38.368660 57.038784 27.753021 -37.479202 0.000000 1.000000 0.000000
56.581818 27.760021 -38.368660 57.038784 27.753021 -37.479202 0.000000 1.000000 0.000000
56.581818 27.760021 -38.368660 57.038784 27.753021 -37.479202 0.000000 1.000000 0.000000
56.581818 27.760021 -38.368660 57.038784 27.753021 -37.479202 0.000000 1.000000 0.000000
56.581818 27.760021 -38.368660 57.038784 27.753021 -37.479202 0.000000 1.000000 0.000000
56.581818 27.760021 -38.368660 57.038784 27.753021 -37.479202 0.000000 1.000000 0.000000
57.724232 27.742521 -36.145020 58.181198 27.735521 -35.255562 0.000000 1.000000 0.000000
58.866646 27.725021 -33.921379 59.323612 27.718021 -33.031921 0.000000 1.000000 0.000000
60.024513 27.690022 -31.705952 60.487659 27.676022 -30.819782 0.000000 1.000000 0.000000
61.213135 27.637527 -29.507219 61.688583 27.616529 -28.627726 0.000000 1.000000 0.000000
63.007442 27.445219 -27.777052 63.725166 27.368296 -27.084984 0.000000 1.000000 0.000000
65.184448 27.148422 -26.584345 66.055252 27.029703 -26.107262 0.000000 1.000000 0.000000
67.415337 26.834253 -25.500633 68.307693 26.708586 -25.067148 0.000000 1.000000 0.000000
69.771202 26.485394 -24.740252 70.713547 26.345850 -24.436100 0.000000 1.000000 0.000000
72.234398 26.084633 -24.591780 73.219681 25.924328 -24.532391 0.000000 1.000000 0.000000
74.698578 25.683870 -24.460554 75.684250 25.523565 -24.408064 0.000000 1.000000 0.000000
74.698578 25.683870 -24.460554 75.687019 25.551262 -24.387074 0.000000 1.000000 0.000000
74.698578 25.683870 -24.460554 75.660606 25.579063 -24.208540 0.000000 1.000000 0.000000
74.698578 25.683870 -24.460554 75.636742 25.586027 -24.128477 0.000000 1.000000 0.000000
74.698578 25.683870 -24.460554 75.571373 25.586027 -23.982378 0.000000 1.000000 0.000000
74.698578 25.683870 -24.460554 75.492447 25.592997 -23.859297 0.000000 1.000000 0.000000
74.698578 25.683870 -24.460554 75.375641 25.592997 -23.730261 0.000000 1.000000 0.000000
74.698578 25.683870 -24.460554 75.317047 25.586027 -23.680861 0.000000 1.000000 0.000000
74.698578 25.683870 -24.460554 75.311577 25.586027 -23.676550 0.000000 1.000000 0.000000
74.698578 25.683870 -24.460554 75.305641 25.579063 -23.672840 0.000000 1.000000 0.000000
74.698578 25.683870 -24.460554 75.305641 25.579063 -23.672840 0.000000 1.000000 0.000000
74.698578 25.683870 -24.460554 75.305641 25.579063 -23.672840 0.000000 1.000000 0.000000
74.698578 25.683870 -24.460554 75.305641 25.579063 -23.672840 0.000000 1.000000 0.000000
74.698578 25.683870 -24.460554 75.311134 25.579063 -23.677109 0.000000 1.000000 0.000000
74.698578 25.683870 -24.460554 75.322044 25.579063 -23.685760 0.000000 1.000000 0.000000
74.698578 25.683870 -24.460554 75.322044 25.579063 -23.685760 0.000000 1.000000 0.000000
76.257248 25.421852 -22.523571 76.880707 25.317047 -21.748775 0.000000 1.000000 0.000000
77.815918 25.159836 -20.586586 78.439377 25.055031 -19.811790 0.000000 1.000000 0.000000
79.374588 24.897820 -18.649601 79.998047 24.793015 -17.874805 0.000000 1.000000 0.000000
80.933258 24.635803 -16.712616 81.556717 24.530998 -15.937821 0.000000 1.000000 0.000000
82.491928 24.373787 -14.775632 83.115387 24.268982 -14.000837 0.000000 1.000000 0.000000
82.491928 24.373787 -14.775632 83.115387 24.268982 -14.000837 0.000000 1.000000 0.000000
82.491928 24.373787 -14.775632 83.115387 24.268982 -14.000837 0.000000 1.000000 0.000000
82.491928 24.373787 -14.775632 83.115387 24.268982 -14.000837 0.000000 1.000000 0.000000
82.491928 24.373787 -14.775632 83.115387 24.268982 -14.000837 0.000000 1.000000 0.000000
82.491928 24.373787 -14.775632 83.093460 24.268980 -13.983687 0.000000 1.000000 0.000000
82.491928 24.373787 -14.775632 83.064941 24.262020 -13.963743 0.000000 1.000000 0.000000
83.924461 24.094370 -12.745910 84.497475 23.982603 -11.934021 0.000000 1.000000 0.000000
85.356995 23.814953 -10.716187 85.930008 23.703186 -9.904299 0.000000 1.000000 0.000000
86.789528 23.535536 -8.686465 87.362541 23.423769 -7.874577 0.000000 1.000000 0.000000
88.222061 23.256119 -6.656743 88.795074 23.144352 -5.844854 0.000000 1.000000 0.000000
88.222061 23.256119 -6.656743 88.795074 23.144352 -5.844854 0.000000 1.000000 0.000000
88.222061 23.256119 -6.656743 88.795074 23.144352 -5.844854 0.000000 1.000000 0.000000
88.222061 23.256119 -6.656743 88.795074 23.144352 -5.844854 0.000000 1.000000 0.000000
88.222061 23.256119 -6.656743 88.795074 23.144352 -5.844854 0.000000 1.000000 0.000000
88.222061 23.256119 -6.656743 88.795074 23.144352 -5.844854 0.000000 1.000000 0.000000
88.222061 23.256119 -6.656743 88.795074 23.144352 -5.844854 0.000000 1.000000 0.000000
88.222061 23.256119 -6.656743 88.795074 23.144352 -5.844854 0.000000 1.000000 0.000000
88.222061 23.256119 -6.656743 88.795074 23.144352 -5.844854 0.000000 1.000000 0.000000
89.654594 22.976702 -4.627021 90.227608 22.864935 -3.815132 0.000000 1.000000 0.000000
91.087128 22.697285 -2.597298 91.660141 22.585518 -1.785409 0.000000 1.000000 0.000000
92.519661 22.417868 -0.567576 93.092674 22.306101 0.244313 0.000000 1.000000 0.000000
93.952194 22.138451 1.462147 94.525208 22.026684 2.274035 0.000000 1.000000 0.000000
93.952194 22.138451 1.462147 94.525208 22.026684 2.274035 0.000000 1.000000 0.000000
93.952194 22.138451 1.462147 94.525208 22.026684 2.274035 0.000000 1.000000 0.000000
93.952194 22.138451 1.462147 94.525208 22.026684 2.274035 0.000000 1.000000 0.000000
93.952194 22.138451 1.462147 94.525208 22.026684 2.274035 0.000000 1.000000 0.000000
93.952194 22.138451 1.462147 94.525208 22.026684 2.274035 0.000000 1.000000 0.000000
93.952194 22.138451 1.462147 94.525208 22.026684 2.274035 0.000000 1.000000 0.000000
93.952194 22.138451 1.462147 94.501808 22.019732 2.289088 0.000000 1.000000 0.000000
93.952194 22.138451 1.462147 94.466599 22.019732 2.311436 0.000000 1.000000 0.000000
93.952194 22.138451 1.462147 94.460640 22.019732 2.315016 0.000000 1.000000 0.000000
93.952194 22.138451 1.462147 94.460640 22.019732 2.315016 0.000000 1.000000 0.000000
93.952194 22.138451 1.462147 94.460640 22.019732 2.315016 0.000000 1.000000 0.000000
93.952194 22.138451 1.462147 94.448654 22.019732 2.322050 0.000000 1.000000 0.000000
93.952194 22.138451 1.462147 94.448654 22.019732 2.322050 0.000000 1.000000 0.000000
93.952194 22.138451 1.462147 94.418259 22.019732 2.338896 0.000000 1.000000 0.000000
93.952194 22.138451 1.462147 94.387291 22.019732 2.354668 0.000000 1.000000 0.000000
93.952194 22.138451 1.462147 94.291626 22.026684 2.396112 0.000000 1.000000 0.000000
93.952194 22.138451 1.462147 94.245697 22.033644 2.412341 0.000000 1.000000 0.000000
93.952194 22.138451 1.462147 94.199150 22.047577 2.426904 0.000000 1.000000 0.000000
93.952194 22.138451 1.462147 94.151833 22.061527 2.438993 0.000000 1.000000 0.000000
93.952194 22.138451 1.462147 94.076271 22.082479 2.452839 0.000000 1.000000 0.000000
93.952194 22.138451 1.462147 94.034622 22.096462 2.457859 0.000000 1.000000 0.000000
93.952194 22.138451 1.462147 93.985771 22.110455 2.461191 0.000000 1.000000 0.000000
93.952194 22.138451 1.462147 93.964783 22.117453 2.461847 0.000000 1.000000 0.000000
93.952194 22.138451 1.462147 93.936790 22.117453 2.461807 0.000000 1.000000 0.000000
93.952194 22.138451 1.462147 93.929794 22.117453 2.461675 0.000000 1.000000 0.000000
93.952194 22.138451 1.462147 93.901817 22.117453 2.460656 0.000000 1.000000 0.000000
93.952194 22.138451 1.462147 93.804344 22.124451 2.451057 0.000000 1.000000 0.000000
93.952194 22.138451 1.462147 93.769814 22.138451 2.445374 0.000000 1.000000 0.000000
93.952194 22.138451 1.462147 93.742355 22.138451 2.439883 0.000000 1.000000 0.000000
93.952194 22.138451 1.462147 93.715065 22.138451 2.433625 0.000000 1.000000 0.000000
93.952194 22.138451 1.462147 93.687965 22.145451 2.426582 0.000000 1.000000 0.000000
93.952194 22.138451 1.462147 93.621284 22.166447 2.405393 0.000000 1.000000 0.000000
93.952194 22.138451 1.462147 93.588554 22.173443 2.393030 0.000000 1.000000 0.000000
93.952194 22.138451 1.462147 93.562744 22.180439 2.382236 0.000000 1.000000 0.000000
93.952194 22.138451 1.462147 93.524590 22.187431 2.364785 0.000000 1.000000 0.000000
93.952194 22.138451 1.462147 93.481064 22.194422 2.342434 0.000000 1.000000 0.000000
93.952194 22.138451 1.462147 93.426796 22.201408 2.310672 0.000000 1.000000 0.000000
93.952194 22.138451 1.462147 93.386421 22.215374 2.283113 0.000000 1.000000 0.000000
93.952194 22.138451 1.462147 93.352791 22.222351 2.258184 0.000000 1.000000 0.000000
93.952194 22.138451 1.462147 93.298981 22.229324 2.213849 0.000000 1.000000 0.000000
93.952194 22.138451 1.462147 93.252953 22.229324 2.171233 0.000000 1.000000 0.000000
93.952194 22.138451 1.462147 93.233849 22.236294 2.150921 0.000000 1.000000 0.000000
93.952194 22.138451 1.462147 93.224281 22.236294 2.140797 0.000000 1.000000 0.000000
93.952194 22.138451 1.462147 93.200981 22.236294 2.114910 0.000000 1.000000 0.000000
93.952194 22.138451 1.462147 93.191910 22.236294 2.104329 0.000000 1.000000 0.000000
93.952194 22.138451 1.462147 93.178596 22.236294 2.088223 0.000000 1.000000 0.000000
93.952194 22.138451 1.462147 93.169907 22.236294 2.077332 0.000000 1.000000 0.000000
93.952194 22.138451 1.462147 93.165619 22.236294 2.071841 0.000000 1.000000 0.000000
93.952194 22.138451 1.462147 93.161369 22.236294 2.066320 0.000000 1.000000 0.000000
93.952194 22.138451 1.462147 93.157158 22.236294 2.060769 0.000000 1.000000 0.000000
93.952194 22.138451 1.462147 93.149429 22.243258 2.049162 0.000000 1.000000 0.000000
93.952194 22.138451 1.462147 93.141907 22.250217 2.037427 0.000000 1.000000 0.000000
93.952194 22.138451 1.462147 93.126793 22.257170 2.014069 0.000000 1.000000 0.000000
93.952194 22.138451 1.462147 93.108711 22.264118 1.984397 0.000000 1.000000 0.000000
93.952194 22.138451 1.462147 93.101486 22.264118 1.972538 0.000000 1.000000 0.000000
93.952194 22.138451 1.462147 93.069527 22.277994 1.910945 0.000000 1.000000 0.000000
93.952194 22.138451 1.462147 93.055267 22.284922 1.879361 0.000000 1.000000 0.000000
93.952194 22.138451 1.462147 93.055267 22.284922 1.879361 0.000000 1.000000 0.000000
93.952194 22.138451 1.462147 93.055267 22.284922 1.879361 0.000000 1.000000 0.000000
93.952194 22.138451 1.462147 93.055267 22.284922 1.879361 0.000000 1.000000 0.000000
93.952194 22.138451 1.462147 93.055267 22.284922 1.879361 0.000000 1.000000 0.000000
93.952194 22.138451 1.462147 93.055267 22.284922 1.879361 0.000000 1.000000 0.000000
93.952194 22.138451 1.462147 93.055267 22.284922 1.879361 0.000000 1.000000 0.000000
93.952194 22.138451 1.462147 93.055267 22.284922 1.879361 0.000000 1.000000 0.000000
93.952194 22.138451 1.462147 93.055267 22.284922 1.879361 0.000000 1.000000 0.000000
93.952194 22.138451 1.462147 93.055267 22.284922 1.879361 0.000000 1.000000 0.000000
93.952194 22.138451 1.462147 93.055267 22.284922 1.879361 0.000000 1.000000 0.000000
93.952194 22.138451 1.462147 93.055267 22.284922 1.879361 0.000000 1.000000 0.000000
93.952194 22.138451 1.462147 93.053497 22.271059 1.880185 0.000000 1.000000 0.000000
93.952194 22.138451 1.462147 93.052673 22.264118 1.880566 0.000000 1.000000 0.000000
93.952194 22.138451 1.462147 93.051170 22.250217 1.881267 0.000000 1.000000 0.000000
93.952194 22.138451 1.462147 93.051170 22.250217 1.881267 0.000000 1.000000 0.000000
93.952194 22.138451 1.462147 93.050484 22.243258 1.881587 0.000000 1.000000 0.000000
93.952194 22.138451 1.462147 93.046318 22.229324 1.875834 0.000000 1.000000 0.000000
93.952194 22.138451 1.462147 93.042892 22.222351 1.869733 0.000000 1.000000 0.000000
93.952194 22.138451 1.462147 93.037270 22.222351 1.856963 0.000000 1.000000 0.000000
93.952194 22.138451 1.462147 93.037270 22.222351 1.856963 0.000000 1.000000 0.000000
93.952194 22.138451 1.462147 93.031319 22.215374 1.844332 0.000000 1.000000 0.000000
93.952194 22.138451 1.462147 93.023491 22.215374 1.824910 0.000000 1.000000 0.000000
93.952194 22.138451 1.462147 93.020500 22.208393 1.818584 0.000000 1.000000 0.000000
93.952194 22.138451 1.462147 93.018028 22.208393 1.812054 0.000000 1.000000 0.000000
93.952194 22.138451 1.462147 93.010880 22.208393 1.792361 0.000000 1.000000 0.000000
93.952194 22.138451 1.462147 93.010880 22.208393 1.792361 0.000000 1.000000 0.000000
93.952194 22.138451 1.462147 93.004158 22.208393 1.772522 0.000000 1.000000 0.000000
93.952194 22.138451 1.462147 93.002007 22.208393 1.765878 0.000000 1.000000 0.000000
93.952194 22.138451 1.462147 92.999901 22.208393 1.759219 0.000000 1.000000 0.000000
93.952194 22.138451 1.462147 92.997849 22.208393 1.752546 0.000000 1.000000 0.000000
93.952194 22.138451 1.462147 92.997849 22.208393 1.752546 0.000000 1.000000 0.000000
93.952194 22.138451 1.462147 92.997849 22.208393 1.752546 0.000000 1.000000 0.000000
93.952194 22.138451 1.462147 92.998337 22.215374 1.752397 0.000000 1.000000 0.000000
93.952194 22.138451 1.462147 92.998337 22.215374 1.752397 0.000000 1.000000 0.000000
93.952194 22.138451 1.462147 93.006844 22.215374 1.778987 0.000000 1.000000 0.000000
93.952194 22.138451 1.462147 93.016083 22.215374 1.805329 0.000000 1.000000 0.000000
93.952194 22.138451 1.462147 93.016083 22.215374 1.805329 0.000000 1.000000 0.000000
93.952194 22.138451 1.462147 93.016083 22.215374 1.805329 0.000000 1.000000 0.000000
93.952194 22.138451 1.462147 93.016083 22.215374 1.805329 0.000000 1.000000 0.000000
93.952194 22.138451 1.462147 93.016083 22.215374 1.805329 0.000000 1.000000 0.000000
93.952194 22.138451 1.462147 93.016083 22.215374 1.805329 0.000000 1.000000 0.000000
93.952194 22.138451 1.462147 93.016083 22.215374 1.805329 0.000000 1.000000 0.000000
93.952194 22.138451 1.462147 93.016083 22.215374 1.805329 0.000000 1.000000 0.000000
93.952194 22.138451 1.462147 93.016083 22.215374 1.805329 0.000000 1.000000 0.000000
93.952194 22.138451 1.462147 93.016083 22.215374 1.805329 0.000000 1.000000 0.000000
91.611908 22.330759 2.320105 90.675797 22.407682 2.663288 0.000000 1.000000 0.000000
89.271622 22.523067 3.178064 88.335510 22.599991 3.521247 0.000000 1.000000 0.000000
86.931335 22.715376 4.036023 85.995224 22.792299 4.379206 0.000000 1.000000 0.000000
84.591049 22.907684 4.893981 83.654938 22.984608 5.237164 0.000000 1.000000 0.000000
82.250763 23.099993 5.751940 81.314651 23.176916 6.095123 0.000000 1.000000 0.000000
79.910477 23.292301 6.609899 78.974365 23.369225 6.953082 0.000000 1.000000 0.000000
77.570190 23.484610 7.467858 76.634079 23.561533 7.811041 0.000000 1.000000 0.000000
77.570190 23.484610 7.467858 76.634079 23.561533 7.811041 0.000000 1.000000 0.000000
77.570190 23.484610 7.467858 76.634079 23.561533 7.811041 0.000000 1.000000 0.000000
77.570190 23.484610 7.467858 76.634079 23.561533 7.811041 0.000000 1.000000 0.000000
77.570190 23.484610 7.467858 76.634079 23.561533 7.811041 0.000000 1.000000 0.000000
76.709679 23.484610 5.120620 75.773567 23.561533 5.463803 0.000000 1.000000 0.000000
75.849167 23.484610 2.773382 74.913055 23.561533 3.116565 0.000000 1.000000 0.000000
74.988655 23.484610 0.426144 74.052544 23.561533 0.769328 0.000000 1.000000 0.000000
74.128143 23.484610 -1.921094 73.192032 23.561533 -1.577910 0.000000 1.000000 0.000000
74.128143 23.484610 -1.921094 73.192032 23.561533 -1.577910 0.000000 1.000000 0.000000
74.128143 23.484610 -1.921094 73.192032 23.561533 -1.577910 0.000000 1.000000 0.000000
74.128143 23.484610 -1.921094 73.192032 23.561533 -1.577910 0.000000 1.000000 0.000000
74.128143 23.484610 -1.921094 73.192032 23.561533 -1.577910 0.000000 1.000000 0.000000
74.128143 23.484610 -1.921094 73.192032 23.561533 -1.577910 0.000000 1.000000 0.000000
73.267632 23.484610 -4.268332 72.331520 23.561533 -3.925148 0.000000 1.000000 0.000000
72.407120 23.484610 -6.615569 71.471008 23.561533 -6.272386 0.000000 1.000000 0.000000
71.546608 23.484610 -8.962807 70.610497 23.561533 -8.619623 0.000000 1.000000 0.000000
70.686096 23.484610 -11.310044 69.749985 23.561533 -10.966861 0.000000 1.000000 0.000000
69.825584 23.484610 -13.657282 68.889473 23.561533 -13.314098 0.000000 1.000000 0.000000
68.965073 23.484610 -16.004520 68.028961 23.561533 -15.661336 0.000000 1.000000 0.000000
68.104561 23.484610 -18.351759 67.168449 23.561533 -18.008574 0.000000 1.000000 0.000000
67.244049 23.484610 -20.698997 66.307938 23.561533 -20.355812 0.000000 1.000000 0.000000
66.383537 23.484610 -23.046236 65.447426 23.561533 -22.703051 0.000000 1.000000 0.000000
65.523026 23.484610 -25.393475 64.586914 23.561533 -25.050289 0.000000 1.000000 0.000000
65.523026 23.484610 -25.393475 64.586914 23.561533 -25.050289 0.000000 1.000000 0.000000
65.523026 23.484610 -25.393475 64.586914 23.561533 -25.050289 0.000000 1.000000 0.000000
65.523026 23.484610 -25.393475 64.586914 23.561533 -25.050289 0.000000 1.000000 0.000000
65.523026 23.484610 -25.393475 64.586914 23.561533 -25.050289 0.000000 1.000000 0.000000
65.523026 23.484610 -25.393475 64.586914 23.561533 -25.050289 0.000000 1.000000 0.000000
65.523026 23.484610 -25.393475 64.586914 23.561533 -25.050289 0.000000 1.000000 0.000000
63.182743 23.676918 -24.535517 62.246632 23.753841 -24.192331 0.000000 1.000000 0.000000
60.842461 23.869226 -23.677559 59.906349 23.946150 -23.334373 0.000000 1.000000 0.000000
58.502178 24.061535 -22.819601 57.566067 24.138458 -22.476416 0.000000 1.000000 0.000000
56.161896 24.253843 -21.961643 55.225784 24.330767 -21.618458 0.000000 1.000000 0.000000
53.821613 24.446152 -21.103685 52.885502 24.523075 -20.760500 0.000000 1.000000 0.000000
51.481331 24.638460 -20.245728 50.545219 24.715384 -19.902542 0.000000 1.000000 0.000000
49.141048 24.830769 -19.387770 48.204937 24.907692 -19.044584 0.000000 1.000000 0.000000
46.800766 25.023077 -18.529812 45.864655 25.100000 -18.186626 0.000000 1.000000 0.000000
44.460484 25.215385 -17.671854 43.524372 25.292309 -17.328669 0.000000 1.000000 0.000000
42.120201 25.407694 -16.813896 41.184090 25.484617 -16.470711 0.000000 1.000000 0.000000
39.779919 25.600002 -15.955937 38.843807 25.676926 -15.612752 0.000000 1.000000 0.000000
37.439636 25.792311 -15.097979 36.503525 25.869234 -14.754793 0.000000 1.000000 0.000000
35.099354 25.984619 -14.240020 34.163242 26.061543 -13.896834 0.000000 1.000000 0.000000
32.759071 26.176928 -13.382061 31.822960 26.253851 -13.038876 0.000000 1.000000 0.000000
30.418789 26.369236 -12.524102 29.482677 26.446159 -12.180917 0.000000 1.000000 0.000000
28.078506 26.561544 -11.666143 27.142395 26.638468 -11.322958 0.000000 1.000000 0.000000
25.738224 26.753853 -10.808185 24.802113 26.830776 -10.464999 0.000000 1.000000 0.000000
23.397942 26.946161 -9.950226 22.461830 27.023085 -9.607040 0.000000 1.000000 0.000000
21.057659 27.138470 -9.092267 20.121548 27.215393 -8.749082 0.000000 1.000000 0.000000
18.717377 27.330778 -8.234308 17.781265 27.407701 -7.891123 0.000000 1.000000 0.000000
16.377094 27.523087 -7.376349 15.440982 27.600010 -7.033164 0.000000 1.000000 0.000000
14.036811 27.715395 -6.518391 13.100698 27.792318 -6.175205 0.000000 1.000000 0.000000
11.690578 27.907703 -5.676836 10.752087 27.984627 -5.340215 0.000000 1.000000 0.000000
9.332795 28.100012 -4.868211 8.389682 28.176935 -4.544761 0.000000 1.000000 0.000000
6.975012 28.292320 -4.059586 6.031898 28.369244 -3.736135 0.000000 1.000000 0.000000
4.617229 28.484629 -3.250960 3.674115 28.561552 -2.927510 0.000000 1.000000 0.000000
2.259445 28.676937 -2.442335 1.316331 28.753860 -2.118885 0.000000 1.000000 0.000000
-0.098339 28.869246 -1.633710 -1.041452 28.946169 -1.310260 0.000000 1.000000 0.000000
-0.098339 28.869246 -1.633710 -1.041452 28.946169 -1.310260 0.000000 1.000000 0.000000
-0.098339 28.869246 -1.633710 -1.041452 28.946169 -1.310260 0.000000 1.000000 0.000000
-0.098339 28.869246 -1.633710 -1.041452 28.946169 -1.310260 0.000000 1.000000 0.000000
-0.098339 28.869246 -1.633710 -1.041452 28.946169 -1.310260 0.000000 1.000000 0.000000
-0.098339 28.869246 -1.633710 -1.048036 28.946169 -1.330135 0.000000 1.000000 0.000000
-2.522558 29.078997 -1.059980 -3.492245 29.162897 -0.830489 0.000000 1.000000 0.000000
-4.987370 29.306181 -0.709140 -5.973294 29.397055 -0.568804 0.000000 1.000000 0.000000
-7.464739 29.533365 -0.462100 -8.455687 29.624239 -0.363284 0.000000 1.000000 0.000000
-9.945324 29.760550 -0.249767 -10.937558 29.851423 -0.164833 0.000000 1.000000 0.000000
-12.425909 29.987734 -0.037433 -13.418143 30.078608 0.047500 0.000000 1.000000 0.000000
-14.906494 30.214918 0.174901 -15.898728 30.305792 0.259834 0.000000 1.000000 0.000000
-17.387079 30.442102 0.387234 -18.379314 30.532976 0.472168 0.000000 1.000000 0.000000
-17.387079 30.442102 0.387234 -18.379314 30.532976 0.472168 0.000000 1.000000 0.000000
-17.387079 30.442102 0.387234 -18.379314 30.532976 0.472168 0.000000 1.000000 0.000000
-17.387079 30.442102 0.387234 -18.378027 30.532976 0.486050 0.000000 1.000000 0.000000
-17.387079 30.442102 0.387234 -18.378027 30.532976 0.486050 0.000000 1.000000 0.000000
-17.387079 30.442102 0.387234 -18.378027 30.532976 0.486050 0.000000 1.000000 0.000000
-17.387079 30.442102 0.387234 -18.378027 30.532976 0.486050 0.000000 1.000000 0.000000
-17.387079 30.442102 0.387234 -18.378027 30.532976 0.486050 0.000000 1.000000 0.000000
-19.864449 30.669287 0.634274 -20.855396 30.760160 0.733090 0.000000 1.000000 0.000000
-22.341818 30.896471 0.881314 -23.332766 30.987345 0.980130 0.000000 1.000000 0.000000
-24.819187 31.123655 1.128353 -25.810135 31.214529 1.227169 0.000000 1.000000 0.000000
-27.296556 31.350840 1.375393 -28.287504 31.441713 1.474209 0.000000 1.000000 0.000000
-29.773926 31.578024 1.622433 -30.764874 31.668898 1.721249 0.000000 1.000000 0.000000
-32.251297 31.805208 1.869472 -33.242241 31.896082 1.968288 0.000000 1.000000 0.000000
-34.728668 32.032394 2.116512 -35.719612 32.123268 2.215328 0.000000 1.000000 0.000000
-37.206039 32.259579 2.363552 -38.196983 32.350452 2.462368 0.000000 1.000000 0.000000
-39.683411 32.486763 2.610592 -40.674355 32.577637 2.709408 0.000000 1.000000 0.000000
-42.160782 32.713947 2.857631 -43.151726 32.804821 2.956447 0.000000 1.000000 0.000000
-44.638153 32.941132 3.104671 -45.629097 33.032005 3.203487 0.000000 1.000000 0.000000
-47.115524 33.168316 3.351711 -48.106468 33.259190 3.450527 0.000000 1.000000 0.000000
-49.592896 33.395500 3.598751 -50.583839 33.486374 3.697567 0.000000 1.000000 0.000000
-52.070267 33.622684 3.845791 -53.061211 33.713558 3.944607 0.000000 1.000000 0.000000
-54.547638 33.849869 4.092830 -55.538582 33.940742 4.191646 0.000000 1.000000 0.000000
-57.025009 34.077053 4.339870 -58.015953 34.167927 4.438686 0.000000 1.000000 0.000000
-59.502380 34.304237 4.586910 -60.493324 34.395111 4.685726 0.000000 1.000000 0.000000
-61.979752 34.531422 4.833950 -62.970695 34.622295 4.932765 0.000000 1.000000 0.000000
-64.457123 34.758606 5.080989 -65.448067 34.849480 5.179805 0.000000 1.000000 0.000000
-66.934494 34.985790 5.328029 -67.925438 35.076664 5.426845 0.000000 1.000000 0.000000
-69.411865 35.212975 5.575069 -70.402809 35.303848 5.673885 0.000000 1.000000 0.000000
-71.889236 35.440159 5.822109 -72.880180 35.531033 5.920925 0.000000 1.000000 0.000000
-74.366608 35.667343 6.069149 -75.357552 35.758217 6.167964 0.000000 1.000000 0.000000
-76.843979 35.894527 6.316188 -77.834923 35.985401 6.415004 0.000000 1.000000 0.000000
-79.321350 36.121712 6.563228 -80.312294 36.212585 6.662044 0.000000 1.000000 0.000000
-81.798721 36.348896 6.810268 -82.789665 36.439770 6.909084 0.000000 1.000000 0.000000
-84.276093 36.576080 7.057308 -85.267036 36.666954 7.156124 0.000000 1.000000 0.000000
-86.753464 36.803265 7.304348 -87.744408 36.894138 7.403163 0.000000 1.000000 0.000000
-86.753464 36.803265 7.304348 -87.744408 36.894138 7.403163 0.000000 1.000000 0.000000
-86.753464 36.803265 7.304348 -87.744408 36.894138 7.403163 0.000000 1.000000 0.000000
-86.753464 36.803265 7.304348 -87.744408 36.894138 7.403163 0.000000 1.000000 0.000000
-86.753464 36.803265 7.304348 -87.745140 36.915031 7.368290 0.000000 1.000000 0.000000
-86.753464 36.803265 7.304348 -87.745934 36.915031 7.354401 0.000000 1.000000 0.000000
-86.753464 36.803265 7.304348 -87.746773 36.915031 7.333549 0.000000 1.000000 0.000000
-86.753464 36.803265 7.304348 -87.746773 36.915031 7.333549 0.000000 1.000000 0.000000
-86.753464 36.803265 7.304348 -87.746773 36.915031 7.333549 0.000000 1.000000 0.000000
-86.753464 36.803265 7.304348 -87.747078 36.915031 7.319641 0.000000 1.000000 0.000000
-86.753464 36.803265 7.304348 -87.747162 36.915031 7.312685 0.000000 1.000000 0.000000
-86.753464 36.803265 7.304348 -87.747162 36.915031 7.312685 0.000000 1.000000 0.000000
-86.753464 36.803265 7.304348 -87.747200 36.915031 7.305729 0.000000 1.000000 0.000000
-86.753464 36.803265 7.304348 -87.748764 36.894138 7.270884 0.000000 1.000000 0.000000
-86.753464 36.803265 7.304348 -87.748627 36.866222 7.228960 0.000000 1.000000 0.000000
-86.753464 36.803265 7.304348 -87.749176 36.845253 7.221905 0.000000 1.000000 0.000000
-86.753464 36.803265 7.304348 -87.748840 36.838257 7.214913 0.000000 1.000000 0.000000
-86.753464 36.803265 7.304348 -87.748703 36.817265 7.207898 0.000000 1.000000 0.000000
-86.753464 36.803265 7.304348 -87.748779 36.810265 7.207891 0.000000 1.000000 0.000000
-86.753464 36.803265 7.304348 -87.748001 36.789265 7.200934 0.000000 1.000000 0.000000
-86.753464 36.803265 7.304348 -87.748001 36.789265 7.200934 0.000000 1.000000 0.000000
-86.753464 36.803265 7.304348 -87.748001 36.789265 7.200934 0.000000 1.000000 0.000000
-86.753464 36.803265 7.304348 -87.747879 36.782265 7.200946 0.000000 1.000000 0.000000
-86.753464 36.803265 7.304348 -87.747490 36.768272 7.200987 0.000000 1.000000 0.000000
-86.753464 36.803265 7.304348 -87.747490 36.768272 7.200987 0.000000 1.000000 0.000000
-86.753464 36.803265 7.304348 -87.746162 36.754284 7.194097 0.000000 1.000000 0.000000
-89.235207 36.680813 7.028721 -90.227905 36.631832 6.918470 0.000000 1.000000 0.000000
-91.716949 36.558361 6.753094 -92.709648 36.509380 6.642843 0.000000 1.000000 0.000000
-94.198692 36.435909 6.477468 -95.191391 36.386929 6.367217 0.000000 1.000000 0.000000
-96.680435 36.313457 6.201841 -97.673134 36.264477 6.091590 0.000000 1.000000 0.000000
-99.162178 36.191006 5.926214 -100.154877 36.142025 5.815963 0.000000 1.000000 0.000000
-101.643921 36.068554 5.650588 -102.636620 36.019573 5.540337 0.000000 1.000000 0.000000
-104.125664 35.946102 5.374961 -105.118362 35.897121 5.264710 0.000000 1.000000 0.000000
-106.607407 35.823650 5.099334 -107.600105 35.774670 4.989083 0.000000 1.000000 0.000000
-109.089149 35.701199 4.823708 -110.081848 35.652218 4.713457 0.000000 1.000000 0.000000
-109.089149 35.701199 4.823708 -110.081848 35.652218 4.713457 0.000000 1.000000 0.000000
-109.089149 35.701199 4.823708 -110.081848 35.652218 4.713457 0.000000 1.000000 0.000000
-109.089149 35.701199 4.823708 -110.081848 35.652218 4.713457 0.000000 1.000000 0.000000
-109.089149 35.701199 4.823708 -110.081848 35.652218 4.713457 0.000000 1.000000 0.000000
-111.570892 35.578747 4.548081 -112.563591 35.529766 4.437830 0.000000 1.000000 0.000000
-114.052635 35.456295 4.272454 -115.045334 35.407314 4.162203 0.000000 1.000000 0.000000
-116.534378 35.333843 3.996828 -117.527077 35.284863 3.886577 0.000000 1.000000 0.000000
-119.016121 35.211391 3.721201 -120.008820 35.162411 3.610950 0.000000 1.000000 0.000000
-121.497864 35.088940 3.445574 -122.490562 35.039959 3.335323 0.000000 1.000000 0.000000
-123.979607 34.966488 3.169948 -124.972305 34.917507 3.059697 0.000000 1.000000 0.000000
-123.979607 34.966488 3.169948 -124.972305 34.917507 3.059697 0.000000 1.000000 0.000000
-123.979607 34.966488 3.169948 -124.972305 34.917507 3.059697 0.000000 1.000000 0.000000
-123.979607 34.966488 3.169948 -124.972305 34.917507 3.059697 0.000000 1.000000 0.000000
-123.979607 34.966488 3.169948 -124.972305 34.917507 3.059697 0.000000 1.000000 0.000000
-123.979607 34.966488 3.169948 -124.971245 34.931496 3.045737 0.000000 1.000000 0.000000
-123.979607 34.966488 3.169948 -124.968925 34.952488 3.024867 0.000000 1.000000 0.000000
-123.979607 34.966488 3.169948 -124.965736 34.959488 3.004113 0.000000 1.000000 0.000000
-123.979607 34.966488 3.169948 -124.956451 34.966488 2.956006 0.000000 1.000000 0.000000
-123.979607 34.966488 3.169948 -124.948341 34.973488 2.921960 0.000000 1.000000 0.000000
-123.979607 34.966488 3.169948 -124.937080 34.973488 2.881504 0.000000 1.000000 0.000000
-123.979607 34.966488 3.169948 -124.930740 34.980488 2.861485 0.000000 1.000000 0.000000
-123.979607 34.966488 3.169948 -124.930740 34.980488 2.861485 0.000000 1.000000 0.000000
-123.979607 34.966488 3.169948 -124.926399 34.959488 2.848176 0.000000 1.000000 0.000000
-123.979607 34.966488 3.169948 -124.919090 34.938492 2.828492 0.000000 1.000000 0.000000
-123.979607 34.966488 3.169948 -124.916214 34.924500 2.822094 0.000000 1.000000 0.000000
-123.979607 34.966488 3.169948 -124.916214 34.924500 2.822094 0.000000 1.000000 0.000000
-123.979607 34.966488 3.169948 -124.913460 34.917507 2.815660 0.000000 1.000000 0.000000
-123.979607 34.966488 3.169948 -124.901543 34.889565 2.790325 0.000000 1.000000 0.000000
-123.979607 34.966488 3.169948 -124.895058 34.875614 2.777918 0.000000 1.000000 0.000000
-123.979607 34.966488 3.169948 -124.891685 34.868645 2.771784 0.000000 1.000000 0.000000
-123.979607 34.966488 3.169948 -124.885376 34.861679 2.759347 0.000000 1.000000 0.000000
-123.979607 34.966488 3.169948 -124.873558 34.833881 2.741854 0.000000 1.000000 0.000000
-123.979607 34.966488 3.169948 -124.866623 34.826946 2.729804 0.000000 1.000000 0.000000
-123.979607 34.966488 3.169948 -124.861694 34.813095 2.724530 0.000000 1.000000 0.000000
-123.979607 34.966488 3.169948 -124.857574 34.806183 2.718868 0.000000 1.000000 0.000000
-123.979607 34.966488 3.169948 -124.850166 34.799278 2.707160 0.000000 1.000000 0.000000
-123.979607 34.966488 3.169948 -124.833626 34.778610 2.684810 0.000000 1.000000 0.000000
-123.979607 34.966488 3.169948 -124.833626 34.778610 2.684810 0.000000 1.000000 0.000000
-123.979607 34.966488 3.169948 -124.833626 34.778610 2.684810 0.000000 1.000000 0.000000
-123.979607 34.966488 3.169948 -124.825592 34.771740 2.673580 0.000000 1.000000 0.000000
-123.979607 34.966488 3.169948 -124.813805 34.764881 2.656652 0.000000 1.000000 0.000000
-123.979607 34.966488 3.169948 -124.813805 34.764881 2.656652 0.000000 1.000000 0.000000
-123.979607 34.966488 3.169948 -124.813805 34.764881 2.656652 0.000000 1.000000 0.000000
-123.979607 34.966488 3.169948 -124.813805 34.764881 2.656652 0.000000 1.000000 0.000000
-123.979607 34.966488 3.169948 -124.796661 34.751186 2.635097 0.000000 1.000000 0.000000
-123.979607 34.966488 3.169948 -124.781372 34.751186 2.612432 0.000000 1.000000 0.000000
-123.979607 34.966488 3.169948 -124.781372 34.751186 2.612432 0.000000 1.000000 0.000000
-123.979607 34.966488 3.169948 -124.787827 34.744358 2.624568 0.000000 1.000000 0.000000
-123.979607 34.966488 3.169948 -124.799751 34.696865 2.665299 0.000000 1.000000 0.000000
-123.979607 34.966488 3.169948 -124.799751 34.696865 2.665299 0.000000 1.000000 0.000000
-123.979607 34.966488 3.169948 -124.799751 34.696865 2.665299 0.000000 1.000000 0.000000
-123.979607 34.966488 3.169948 -124.799751 34.696865 2.665299 0.000000 1.000000 0.000000
-123.979607 34.966488 3.169948 -124.799751 34.696865 2.665299 0.000000 1.000000 0.000000
-123.979607 34.966488 3.169948 -124.799751 34.696865 2.665299 0.000000 1.000000 0.000000
-123.979607 34.966488 3.169948 -124.799751 34.696865 2.665299 0.000000 1.000000 0.000000
-123.979607 34.966488 3.169948 -124.799751 34.696865 2.665299 0.000000 1.000000 0.000000
-125.289749 34.966488 5.299158 -126.109894 34.696865 4.794509 0.000000 1.000000 0.000000
-126.599892 34.966488 7.428368 -127.420036 34.696865 6.923719 0.000000 1.000000 0.000000
-127.910034 34.966488 9.557577 -128.730179 34.696865 9.052929 0.000000 1.000000 0.000000
-129.220169 34.966488 11.686787 -130.040314 34.696865 11.182138 0.000000 1.000000 0.000000
-130.530304 34.966488 13.815996 -131.350449 34.696865 13.311348 0.000000 1.000000 0.000000
-131.840439 34.966488 15.945206 -132.660583 34.696865 15.440557 0.000000 1.000000 0.000000
-133.150574 34.966488 18.074415 -133.970718 34.696865 17.569767 0.000000 1.000000 0.000000
-134.460709 34.966488 20.203625 -135.280853 34.696865 19.698977 0.000000 1.000000 0.000000
-134.460709 34.966488 20.203625 -135.280853 34.696865 19.698977 0.000000 1.000000 0.000000
-134.460709 34.966488 20.203625 -135.280853 34.696865 19.698977 0.000000 1.000000 0.000000
-134.460709 34.966488 20.203625 -135.280853 34.696865 19.698977 0.000000 1.000000 0.000000
-134.460709 34.966488 20.203625 -135.280853 34.696865 19.698977 0.000000 1.000000 0.000000
-134.460709 34.966488 20.203625 -135.280853 34.696865 19.698977 0.000000 1.000000 0.000000
-136.511063 34.292431 18.942005 -137.331207 34.022808 18.437357 0.000000 1.000000 0.000000
-138.561417 33.618374 17.680386 -139.381561 33.348751 17.175737 0.000000 1.000000 0.000000
-140.611771 32.944317 16.418766 -141.431915 32.674694 15.914118 0.000000 1.000000 0.000000
-142.662125 32.270260 15.157146 -143.482269 32.000637 14.652498 0.000000 1.000000 0.000000
-144.712479 31.596205 13.895527 -145.532623 31.326582 13.390879 0.000000 1.000000 0.000000
-146.762833 30.922150 12.633907 -147.582977 30.652527 12.129259 0.000000 1.000000 0.000000
-148.813187 30.248095 11.372288 -149.633331 29.978472 10.867640 0.000000 1.000000 0.000000
-150.863541 29.574039 10.110668 -151.683685 29.304417 9.606020 0.000000 1.000000 0.000000
-152.876785 29.087170 8.710735 -153.682083 28.892422 8.150762 0.000000 1.000000 0.000000
-152.876785 29.087170 8.710735 -153.637726 28.975403 8.071613 0.000000 1.000000 0.000000
-152.876785 29.087170 8.710735 -153.610031 29.073170 8.030916 0.000000 1.000000 0.000000
-152.876785 29.087170 8.710735 -153.469086 29.226713 7.917192 0.000000 1.000000 0.000000
-152.876785 29.087170 8.710735 -153.423508 29.288778 7.898052 0.000000 1.000000 0.000000
-152.876785 29.087170 8.710735 -153.387955 29.343285 7.890299 0.000000 1.000000 0.000000
-152.876785 29.087170 8.710735 -153.366760 29.370245 7.886236 0.000000 1.000000 0.000000
-152.876785 29.087170 8.710735 -153.366760 29.370245 7.886236 0.000000 1.000000 0.000000
-152.876785 29.087170 8.710735 -153.372513 29.370245 7.889686 0.000000 1.000000 0.000000
-152.876785 29.087170 8.710735 -153.399384 29.343285 7.897536 0.000000 1.000000 0.000000
-152.876785 29.087170 8.710735 -153.445206 29.295630 7.914845 0.000000 1.000000 0.000000
-152.876785 29.087170 8.710735 -153.467194 29.247475 7.919714 0.000000 1.000000 0.000000
-152.876785 29.087170 8.710735 -153.487778 29.198936 7.927029 0.000000 1.000000 0.000000
-152.876785 29.087170 8.710735 -153.495300 29.164093 7.928734 0.000000 1.000000 0.000000
-152.876785 29.087170 8.710735 -153.495621 29.157112 7.928331 0.000000 1.000000 0.000000
-152.876785 29.087170 8.710735 -153.445389 29.150127 7.890541 0.000000 1.000000 0.000000
-152.876785 29.087170 8.710735 -153.428040 29.150127 7.878781 0.000000 1.000000 0.000000
-152.876785 29.087170 8.710735 -153.368713 29.143141 7.841900 0.000000 1.000000 0.000000
-152.876785 29.087170 8.710735 -153.362625 29.143141 7.838478 0.000000 1.000000 0.000000
-152.876785 29.087170 8.710735 -153.344193 29.143141 7.828468 0.000000 1.000000 0.000000
-152.876785 29.087170 8.710735 -153.344193 29.143141 7.828468 0.000000 1.000000 0.000000
-152.876785 29.087170 8.710735 -153.344193 29.143141 7.828468 0.000000 1.000000 0.000000
-152.876785 29.087170 8.710735 -153.344193 29.143141 7.828468 0.000000 1.000000 0.000000
-152.876785 29.087170 8.710735 -153.338013 29.143141 7.825218 0.000000 1.000000 0.000000
-154.029846 29.227097 6.496947 -154.491074 29.283068 5.611430 0.000000 1.000000 0.000000
-155.182907 29.367023 4.283159 -155.644135 29.422995 3.397642 0.000000 1.000000 0.000000
-156.335968 29.506950 2.069371 -156.797195 29.562922 1.183854 0.000000 1.000000 0.000000
-157.489029 29.646877 -0.144417 -157.950256 29.702848 -1.029935 0.000000 1.000000 0.000000
-158.642090 29.786804 -2.358206 -159.103317 29.842775 -3.243723 0.000000 1.000000 0.000000
-159.795151 29.926731 -4.571994 -160.256378 29.982702 -5.457511 0.000000 1.000000 0.000000
-160.948212 30.066658 -6.785782 -161.409439 30.122629 -7.671299 0.000000 1.000000 0.000000
-162.101273 30.206585 -8.999570 -162.562500 30.262556 -9.885087 0.000000 1.000000 0.000000
-163.254333 30.346512 -11.213358 -163.715561 30.402483 -12.098875 0.000000 1.000000 0.000000
-163.254333 30.346512 -11.213358 -163.715561 30.402483 -12.098875 0.000000 1.000000 0.000000
-163.254333 30.346512 -11.213358 -163.715561 30.402483 -12.098875 0.000000 1.000000 0.000000
-163.254333 30.346512 -11.213358 -163.709656 30.388500 -12.102693 0.000000 1.000000 0.000000
-163.254333 30.346512 -11.213358 -163.691269 30.346512 -12.112850 0.000000 1.000000 0.000000
-163.254333 30.346512 -11.213358 -163.658325 30.269588 -12.124881 0.000000 1.000000 0.000000
-163.254333 30.346512 -11.213358 -163.644806 30.248669 -12.128758 0.000000 1.000000 0.000000
-163.254333 30.346512 -11.213358 -163.644806 30.248669 -12.128758 0.000000 1.000000 0.000000
-163.254333 30.346512 -11.213358 -163.644806 30.248669 -12.128758 0.000000 1.000000 0.000000
-163.254333 30.346512 -11.213358 -163.644806 30.248669 -12.128758 0.000000 1.000000 0.000000
-163.254333 30.346512 -11.213358 -163.644806 30.248669 -12.128758 0.000000 1.000000 0.000000
-163.254333 30.346512 -11.213358 -163.644806 30.248669 -12.128758 0.000000 1.000000 0.000000
-163.254333 30.346512 -11.213358 -163.651199 30.248669 -12.126003 0.000000 1.000000 0.000000
-163.254333 30.346512 -11.213358 -163.651199 30.248669 -12.126003 0.000000 1.000000 0.000000
-163.254333 30.346512 -11.213358 -163.651199 30.248669 -12.126003 0.000000 1.000000 0.000000
-164.246506 30.101904 -13.494974 -164.643372 30.004061 -14.407619 0.000000 1.000000 0.000000
-165.238678 29.857296 -15.776590 -165.635544 29.759453 -16.689236 0.000000 1.000000 0.000000
-166.230850 29.612688 -18.058207 -166.627716 29.514845 -18.970852 0.000000 1.000000 0.000000
-167.223022 29.368080 -20.339823 -167.619888 29.270237 -21.252468 0.000000 1.000000 0.000000
-168.215195 29.123472 -22.621439 -168.612061 29.025629 -23.534084 0.000000 1.000000 0.000000
-169.207367 28.878864 -24.903055 -169.604233 28.781021 -25.815701 0.000000 1.000000 0.000000
-170.199539 28.634256 -27.184671 -170.596405 28.536413 -28.097317 0.000000 1.000000 0.000000
-171.191711 28.389648 -29.466288 -171.588577 28.291805 -30.378933 0.000000 1.000000 0.000000
-172.151154 28.127630 -31.759937 -172.534927 28.022823 -32.677395 0.000000 1.000000 0.000000
-173.110596 27.865612 -34.053585 -173.494370 27.760805 -34.971043 0.000000 1.000000 0.000000
-174.070038 27.603594 -36.347233 -174.453812 27.498787 -37.264690 0.000000 1.000000 0.000000
-175.029480 27.341576 -38.640881 -175.413254 27.236769 -39.558338 0.000000 1.000000 0.000000
-175.972855 27.079557 -40.941181 -176.350204 26.974751 -41.861301 0.000000 1.000000 0.000000
-176.916229 26.817539 -43.241482 -177.293579 26.712732 -44.161602 0.000000 1.000000 0.000000
-177.859604 26.555521 -45.541782 -178.236954 26.450714 -46.461903 0.000000 1.000000 0.000000
-178.770676 26.293503 -47.855072 -179.135101 26.188696 -48.780384 0.000000 1.000000 0.000000
-178.770676 26.293503 -47.855072 -179.109299 26.195660 -48.790894 0.000000 1.000000 0.000000
-178.770676 26.293503 -47.855072 -179.056763 26.209602 -48.809597 0.000000 1.000000 0.000000
-178.770676 26.293503 -47.855072 -179.036804 26.216579 -48.815937 0.000000 1.000000 0.000000
-178.770676 26.293503 -47.855072 -179.023453 26.223560 -48.820065 0.000000 1.000000 0.000000
-178.770676 26.293503 -47.855072 -178.982803 26.230545 -48.830284 0.000000 1.000000 0.000000
-178.770676 26.293503 -47.855072 -178.948547 26.230545 -48.837109 0.000000 1.000000 0.000000
-178.770676 26.293503 -47.855072 -178.934860 26.237532 -48.839912 0.000000 1.000000 0.000000
-178.770676 26.293503 -47.855072 -178.921112 26.244522 -48.842480 0.000000 1.000000 0.000000
-178.770676 26.293503 -47.855072 -178.921112 26.244522 -48.842480 0.000000 1.000000 0.000000
-178.770676 26.293503 -47.855072 -178.921112 26.244522 -48.842480 0.000000 1.000000 0.000000
-179.146759 26.171051 -50.323586 -179.297195 26.122070 -51.310993 0.000000 1.000000 0.000000
-179.522842 26.048599 -52.792099 -179.673279 25.999619 -53.779507 0.000000 1.000000 0.000000
-179.898926 25.926147 -55.260612 -180.049362 25.877167 -56.248020 0.000000 1.000000 0.000000
-180.275009 25.803696 -57.729126 -180.425446 25.754715 -58.716534 0.000000 1.000000 0.000000
-180.651093 25.681244 -60.197639 -180.801529 25.632263 -61.185047 0.000000 1.000000 0.000000
-181.027176 25.558792 -62.666153 -181.177612 25.509811 -63.653561 0.000000 1.000000 0.000000
-181.403259 25.436340 -65.134666 -181.553696 25.387360 -66.122078 0.000000 1.000000 0.000000
-181.403259 25.436340 -65.134666 -181.533035 25.408344 -66.125816 0.000000 1.000000 0.000000
-181.403259 25.436340 -65.134666 -181.463409 25.436340 -66.132858 0.000000 1.000000 0.000000
-181.403259 25.436340 -65.134666 -181.449432 25.443340 -66.133575 0.000000 1.000000 0.000000
-181.403259 25.436340 -65.134666 -181.421448 25.464336 -66.134109 0.000000 1.000000 0.000000
-181.403259 25.436340 -65.134666 -181.379486 25.492311 -66.132812 0.000000 1.000000 0.000000
-181.403259 25.436340 -65.134666 -181.358597 25.513264 -66.130699 0.000000 1.000000 0.000000
-181.403259 25.436340 -65.134666 -181.317169 25.555059 -66.123856 0.000000 1.000000 0.000000
-181.403259 25.436340 -65.134666 -181.317322 25.568949 -66.122101 0.000000 1.000000 0.000000
-181.403259 25.436340 -65.134666 -181.317322 25.568949 -66.122101 0.000000 1.000000 0.000000
-181.403259 25.436340 -65.134666 -181.317322 25.568949 -66.122101 0.000000 1.000000 0.000000
-181.171585 25.802519 -67.596832 -181.078918 25.948990 -68.581696 0.000000 1.000000 0.000000
-180.939911 26.168697 -70.058998 -180.847244 26.315168 -71.043861 0.000000 1.000000 0.000000
-180.708237 26.534876 -72.521164 -180.615570 26.681347 -73.506027 0.000000 1.000000 0.000000
-180.476562 26.901054 -74.983330 -180.383896 27.047525 -75.968193 0.000000 1.000000 0.000000
-180.244888 27.267233 -77.445496 -180.152222 27.413704 -78.430359 0.000000 1.000000 0.000000
-180.013214 27.633411 -79.907661 -179.920547 27.779882 -80.892525 0.000000 1.000000 0.000000
-179.781540 27.999590 -82.369827 -179.688873 28.146061 -83.354691 0.000000 1.000000 0.000000
-179.549866 28.365768 -84.831993 -179.457199 28.512239 -85.816856 0.000000 1.000000 0.000000
-179.283752 28.731945 -87.290672 -179.177307 28.878416 -88.274147 0.000000 1.000000 0.000000
-178.966064 29.098124 -89.743217 -178.838989 29.244595 -90.724236 0.000000 1.000000 0.000000
-178.966064 29.098124 -89.743217 -178.818588 29.251516 -90.720314 0.000000 1.000000 0.000000
-178.966064 29.098124 -89.743217 -178.805099 29.258429 -90.717072 0.000000 1.000000 0.000000
-178.966064 29.098124 -89.743217 -178.764587 29.265335 -90.708328 0.000000 1.000000 0.000000
-178.966064 29.098124 -89.743217 -178.724533 29.272232 -90.697861 0.000000 1.000000 0.000000
-178.966064 29.098124 -89.743217 -178.633148 29.286001 -90.667267 0.000000 1.000000 0.000000
-178.966064 29.098124 -89.743217 -178.620239 29.286001 -90.662514 0.000000 1.000000 0.000000
-178.966064 29.098124 -89.743217 -178.620239 29.286001 -90.662514 0.000000 1.000000 0.000000
-178.966064 29.098124 -89.743217 -178.620239 29.286001 -90.662514 0.000000 1.000000 0.000000
-178.101501 29.567818 -92.041458 -177.755676 29.755695 -92.960754 0.000000 1.000000 0.000000
-177.236938 30.037512 -94.339699 -176.891113 30.225389 -95.258995 0.000000 1.000000 0.000000
-176.372375 30.507206 -96.637939 -176.026550 30.695084 -97.557236 0.000000 1.000000 0.000000
-175.507812 30.976900 -98.936180 -175.161987 31.164778 -99.855476 0.000000 1.000000 0.000000
-174.643250 31.446594 -101.234421 -174.297424 31.634472 -102.153717 0.000000 1.000000 0.000000
-173.778687 31.916288 -103.532661 -173.432861 32.104168 -104.451958 0.000000 1.000000 0.000000
-172.914124 32.385983 -105.830902 -172.568298 32.573864 -106.750198 0.000000 1.000000 0.000000
-172.914124 32.385983 -105.830902 -172.568298 32.573864 -106.750198 0.000000 1.000000 0.000000
-172.914124 32.385983 -105.830902 -172.549072 32.573860 -106.742737 0.000000 1.000000 0.000000
-172.914124 32.385983 -105.830902 -172.498611 32.573860 -106.720871 0.000000 1.000000 0.000000
-172.914124 32.385983 -105.830902 -172.467712 32.573860 -106.705788 0.000000 1.000000 0.000000
-172.914124 32.385983 -105.830902 -172.444046 32.580730 -106.691772 0.000000 1.000000 0.000000
-172.914124 32.385983 -105.830902 -172.426071 32.580730 -106.681709 0.000000 1.000000 0.000000
-172.914124 32.385983 -105.830902 -172.414200 32.580730 -106.674797 0.000000 1.000000 0.000000
-172.914124 32.385983 -105.830902 -172.414200 32.580730 -106.674797 0.000000 1.000000 0.000000
-172.914124 32.385983 -105.830902 -172.414200 32.580730 -106.674797 0.000000 1.000000 0.000000
-172.914124 32.385983 -105.830902 -172.402435 32.580730 -106.667717 0.000000 1.000000 0.000000
-172.914124 32.385983 -105.830902 -172.383560 32.566978 -106.658997 0.000000 1.000000 0.000000
-172.914124 32.385983 -105.830902 -172.370041 32.546288 -106.654480 0.000000 1.000000 0.000000
-172.914124 32.385983 -105.830902 -172.350021 32.511650 -106.646996 0.000000 1.000000 0.000000
-172.914124 32.385983 -105.830902 -172.318024 32.441952 -106.631851 0.000000 1.000000 0.000000
-172.914124 32.385983 -105.830902 -172.306442 32.427971 -106.623978 0.000000 1.000000 0.000000
-172.914124 32.385983 -105.830902 -172.300613 32.413979 -106.620087 0.000000 1.000000 0.000000
-172.914124 32.385983 -105.830902 -172.294922 32.399982 -106.616005 0.000000 1.000000 0.000000
-172.914124 32.385983 -105.830902 -172.294861 32.385983 -106.616081 0.000000 1.000000 0.000000
-172.914124 32.385983 -105.830902 -172.289520 32.364983 -106.611557 0.000000 1.000000 0.000000
-172.914124 32.385983 -105.830902 -172.289520 32.364983 -106.611557 0.000000 1.000000 0.000000
-172.914124 32.385983 -105.830902 -172.284058 32.364983 -106.607162 0.000000 1.000000 0.000000
-172.914124 32.385983 -105.830902 -172.284058 32.364983 -106.607162 0.000000 1.000000 0.000000
-172.914124 32.385983 -105.830902 -172.284058 32.364983 -106.607162 0.000000 1.000000 0.000000
-171.338959 32.333485 -107.771545 -170.708893 32.312485 -108.547806 0.000000 1.000000 0.000000
-169.763794 32.280987 -109.712189 -169.133728 32.259987 -110.488449 0.000000 1.000000 0.000000
-168.175095 32.228489 -111.641769 -167.539612 32.207489 -112.413605 0.000000 1.000000 0.000000
-166.586395 32.175991 -113.571350 -165.950912 32.154991 -114.343185 0.000000 1.000000 0.000000
-164.997696 32.123493 -115.500931 -164.362213 32.102493 -116.272766 0.000000 1.000000 0.000000
-163.408997 32.070995 -117.430511 -162.773514 32.049995 -118.202347 0.000000 1.000000 0.000000
-161.820297 32.018497 -119.360092 -161.184814 31.997496 -120.131927 0.000000 1.000000 0.000000
-161.820297 32.018497 -119.360092 -161.179428 31.997499 -120.127457 0.000000 1.000000 0.000000
-161.820297 32.018497 -119.360092 -161.174072 31.997499 -120.122955 0.000000 1.000000 0.000000
-161.820297 32.018497 -119.360092 -161.158066 32.011497 -120.109360 0.000000 1.000000 0.000000
-161.820297 32.018497 -119.360092 -161.127243 32.032497 -120.080841 0.000000 1.000000 0.000000
-161.820297 32.018497 -119.360092 -161.097809 32.046494 -120.050903 0.000000 1.000000 0.000000
-161.820297 32.018497 -119.360092 -161.083618 32.053490 -120.035431 0.000000 1.000000 0.000000
-161.820297 32.018497 -119.360092 -161.074448 32.060486 -120.024872 0.000000 1.000000 0.000000
-161.820297 32.018497 -119.360092 -161.052170 32.074467 -119.997932 0.000000 1.000000 0.000000
-161.820297 32.018497 -119.360092 -161.022964 32.095421 -119.958702 0.000000 1.000000 0.000000
-161.820297 32.018497 -119.360092 -161.012054 32.116341 -119.940758 0.000000 1.000000 0.000000
-161.820297 32.018497 -119.360092 -161.012054 32.116341 -119.940758 0.000000 1.000000 0.000000
-161.820297 32.018497 -119.360092 -161.012054 32.116341 -119.940758 0.000000 1.000000 0.000000
-161.820297 32.018497 -119.360092 -161.012054 32.116341 -119.940758 0.000000 1.000000 0.000000
-161.820297 32.018497 -119.360092 -161.008011 32.116341 -119.935089 0.000000 1.000000 0.000000
-161.820297 32.018497 -119.360092 -161.000046 32.116341 -119.923660 0.000000 1.000000 0.000000
-161.820297 32.018497 -119.360092 -161.000046 32.116341 -119.923660 0.000000 1.000000 0.000000
-161.820297 32.018497 -119.360092 -161.000046 32.116341 -119.923660 0.000000 1.000000 0.000000
-161.820297 32.018497 -119.360092 -161.000046 32.116341 -119.923660 0.000000 1.000000 0.000000
-161.820297 32.018497 -119.360092 -160.992233 32.116341 -119.912117 0.000000 1.000000 0.000000
-161.820297 32.018497 -119.360092 -160.987839 32.109371 -119.906670 0.000000 1.000000 0.000000
-161.820297 32.018497 -119.360092 -160.983521 32.102398 -119.901161 0.000000 1.000000 0.000000
-161.820297 32.018497 -119.360092 -160.978455 32.081455 -119.896126 0.000000 1.000000 0.000000
-161.820297 32.018497 -119.360092 -160.962601 32.053490 -119.873047 0.000000 1.000000 0.000000
-161.820297 32.018497 -119.360092 -160.962402 32.046494 -119.873161 0.000000 1.000000 0.000000
-161.820297 32.018497 -119.360092 -160.958832 32.046494 -119.867142 0.000000 1.000000 0.000000
-161.820297 32.018497 -119.360092 -160.958832 32.046494 -119.867142 0.000000 1.000000 0.000000
-161.820297 32.018497 -119.360092 -160.958832 32.046494 -119.867142 0.000000 1.000000 0.000000
-161.820297 32.018497 -119.360092 -160.958832 32.046494 -119.867142 0.000000 1.000000 0.000000
-159.666641 32.088486 -120.627716 -158.805176 32.116482 -121.134766 0.000000 1.000000 0.000000
-157.512985 32.158474 -121.895340 -156.651520 32.186470 -122.402390 0.000000 1.000000 0.000000
-155.359329 32.228462 -123.162964 -154.497864 32.256458 -123.670013 0.000000 1.000000 0.000000
-153.205673 32.298450 -124.430588 -152.344208 32.326447 -124.937637 0.000000 1.000000 0.000000
-151.052017 32.368439 -125.698212 -150.190552 32.396435 -126.205261 0.000000 1.000000 0.000000
-148.898361 32.438427 -126.965836 -148.036896 32.466423 -127.472885 0.000000 1.000000 0.000000
-146.744705 32.508415 -128.233459 -145.883240 32.536411 -128.740509 0.000000 1.000000 0.000000
-146.744705 32.508415 -128.233459 -145.879715 32.536411 -128.734467 0.000000 1.000000 0.000000
-146.744705 32.508415 -128.233459 -145.856216 32.536411 -128.691498 0.000000 1.000000 0.000000
-146.744705 32.508415 -128.233459 -145.840729 32.536411 -128.660126 0.000000 1.000000 0.000000
-146.744705 32.508415 -128.233459 -145.832169 32.543407 -128.640961 0.000000 1.000000 0.000000
-146.744705 32.508415 -128.233459 -145.829346 32.543407 -128.634567 0.000000 1.000000 0.000000
-146.744705 32.508415 -128.233459 -145.818466 32.543407 -128.608780 0.000000 1.000000 0.000000
-146.744705 32.508415 -128.233459 -145.808319 32.543407 -128.582703 0.000000 1.000000 0.000000
-146.744705 32.508415 -128.233459 -145.801193 32.543407 -128.562958 0.000000 1.000000 0.000000
-146.744705 32.508415 -128.233459 -145.801193 32.543407 -128.562958 0.000000 1.000000 0.000000
-146.744705 32.508415 -128.233459 -145.801193 32.543407 -128.562958 0.000000 1.000000 0.000000
-146.744705 32.508415 -128.233459 -145.801193 32.543407 -128.562958 0.000000 1.000000 0.000000
-146.744705 32.508415 -128.233459 -145.801193 32.543407 -128.562958 0.000000 1.000000 0.000000
-146.744705 32.508415 -128.233459 -145.801193 32.543407 -128.562958 0.000000 1.000000 0.000000
-146.744705 32.508415 -128.233459 -145.801193 32.543407 -128.562958 0.000000 1.000000 0.000000
-146.744705 32.508415 -128.233459 -145.801193 32.543407 -128.562958 0.000000 1.000000 0.000000
-146.744705 32.508415 -128.233459 -145.801193 32.543407 -128.562958 0.000000 1.000000 0.000000
-146.744705 32.508415 -128.233459 -145.801193 32.543407 -128.562958 0.000000 1.000000 0.000000
-146.744705 32.508415 -128.233459 -145.801193 32.543407 -128.562958 0.000000 1.000000 0.000000
-146.744705 32.508415 -128.233459 -145.798920 32.543407 -128.556351 0.000000 1.000000 0.000000
-146.744705 32.508415 -128.233459 -145.798920 32.543407 -128.556351 0.000000 1.000000 0.000000
-146.744705 32.508415 -128.233459 -145.798920 32.543407 -128.556351 0.000000 1.000000 0.000000
-146.744705 32.508415 -128.233459 -145.798920 32.543407 -128.556351 0.000000 1.000000 0.000000
-146.744705 32.508415 -128.233459 -145.798920 32.543407 -128.556351 0.000000 1.000000 0.000000
-146.744705 32.508415 -128.233459 -145.798920 32.543407 -128.556351 0.000000 1.000000 0.000000
-146.744705 32.508415 -128.233459 -145.798920 32.543407 -128.556351 0.000000 1.000000 0.000000
-146.744705 32.508415 -128.233459 -145.798920 32.543407 -128.556351 0.000000 1.000000 0.000000
-146.744705 32.508415 -128.233459 -145.798920 32.543407 -128.556351 0.000000 1.000000 0.000000
-146.744705 32.508415 -128.233459 -145.798920 32.543407 -128.556351 0.000000 1.000000 0.000000
-146.744705 32.508415 -128.233459 -145.798920 32.543407 -128.556351 0.000000 1.000000 0.000000
-146.744705 32.508415 -128.233459 -145.798920 32.543407 -128.556351 0.000000 1.000000 0.000000
-146.744705 32.508415 -128.233459 -145.798920 32.543407 -128.556351 0.000000 1.000000 0.000000
-146.744705 32.508415 -128.233459 -145.798920 32.543407 -128.556351 0.000000 1.000000 0.000000
-146.744705 32.508415 -128.233459 -145.798920 32.543407 -128.556351 0.000000 1.000000 0.000000
-146.744705 32.508415 -128.233459 -145.798920 32.543407 -128.556351 0.000000 1.000000 0.000000
-146.744705 32.508415 -128.233459 -145.798920 32.543407 -128.556351 0.000000 1.000000 0.000000
-146.744705 32.508415 -128.233459 -145.798920 32.543407 -128.556351 0.000000 1.000000 0.000000
-146.744705 32.508415 -128.233459 -145.798920 32.543407 -128.556351 0.000000 1.000000 0.000000
-146.744705 32.508415 -128.233459 -145.798920 32.543407 -128.556351 0.000000 1.000000 0.000000
